1 0.065 0.7013939838591343 0.121 0.3037417461482025
0 0.42225 0.06382978723404256 0.0405 0.06603081438004402
1 0.3205 0.05906089508437271 0.058 0.06969919295671313
1 0.0525 0.02017608217168012 0.054 0.04035216434336024
1 0.257 0.1727806309611152 0.054 0.0814380044020543
1 0.34550000000000003 0.18451944240645635 0.068 0.10051357300073369
0 0.587 0.20689655172413793 0.041 0.07043286867204696
0 0.5495 0.2637564196625092 0.06 0.08437270726338959
1 0.68675 0.14269992663242848 0.0565 0.0946441672780631
1 0.8245 0.1958914159941306 0.047 0.08070432868672048
1 0.77525 0.47798972853998534 0.0835 0.10491562729273661
1 0.931 0.35399853264856934 0.061 0.08290535583272195
1 0.49475 0.41636096845194426 0.0685 0.11225238444607484
