1 0.0556640625 0.22360703812316715 0.0703125 0.08651026392961877
1 0.18896484375 0.20674486803519063 0.0654296875 0.09970674486803519
1 0.3134765625 0.20234604105571846 0.068359375 0.09970674486803519
1 0.40478515625 0.23826979472140764 0.0615234375 0.0689149560117302
1 0.4560546875 0.24266862170087977 0.0625 0.09824046920821114
1 0.705078125 0.218475073313783 0.060546875 0.1407624633431085
1 0.84521484375 0.2844574780058651 0.0712890625 0.1348973607038123
1 0.8955078125 0.5505865102639296 0.078125 0.14516129032258066
1 0.8076171875 0.6341642228739003 0.083984375 0.11290322580645161
1 0.60986328125 0.6121700879765396 0.0712890625 0.1187683284457478
1 0.5224609375 0.5036656891495601 0.068359375 0.14516129032258066
1 0.34814453125 0.594574780058651 0.0888671875 0.1158357771260997
1 0.13916015625 0.5051319648093842 0.0732421875 0.12756598240469208
