1 0.0321875 0.3522222222222222 0.064375 0.12222222222222222
1 0.0775 0.26222222222222225 0.06375 0.12
0 0.2234375 0.21777777777777776 0.07187500000000001 0.10222222222222223
1 0.3446875 0.2011111111111111 0.048125 0.08
1 0.418125 0.18833333333333332 0.07 0.08333333333333333
1 0.411875 0.3388888888888889 0.07375 0.1111111111111111
1 0.1796875 0.3761111111111111 0.109375 0.18555555555555556
1 0.526875 0.3438888888888889 0.08125 0.12777777777777777
1 0.8150000000000001 0.4177777777777778 0.08625000000000001 0.15777777777777777
0 0.6728125 0.2511111111111111 0.066875 0.10888888888888888
