1 0.024739583333333332 0.15972222222222224 0.04114583333333333 0.08055555555555556
1 0.08333333333333333 0.20740740740740743 0.053125 0.1
0 0.09973958333333333 0.3592592592592593 0.0515625 0.0962962962962963
1 0.04739583333333333 0.8560185185185185 0.07708333333333334 0.14166666666666666
1 0.26067708333333334 0.10555555555555556 0.058854166666666666 0.08703703703703704
1 0.27421875 0.3837962962962963 0.05677083333333333 0.11388888888888889
1 0.1671875 0.650462962962963 0.057291666666666664 0.13240740740740742
1 0.125 0.7398148148148148 0.071875 0.1388888888888889
1 0.3768229166666667 0.913425925925926 0.06614583333333333 0.13240740740740742
1 0.48671875 0.10601851851851853 0.06822916666666666 0.10277777777777779
1 0.49947916666666664 0.29814814814814816 0.06354166666666666 0.11111111111111112
1 0.51796875 0.6958333333333334 0.057812499999999996 0.09722222222222222
1 0.5677083333333334 0.7893518518518519 0.07604166666666666 0.13055555555555556
1 0.6609375 0.10416666666666667 0.06041666666666667 0.10092592592592593
1 0.63984375 0.37824074074074077 0.0546875 0.11203703703703705
1 0.7481770833333333 0.10231481481481482 0.0703125 0.125
1 0.8244791666666667 0.03287037037037037 0.05416666666666667 0.0638888888888889
1 0.8947916666666667 0.19907407407407407 0.065625 0.10555555555555556
1 0.9307291666666666 0.5689814814814815 0.07291666666666667 0.11018518518518519
