1 0.128 0.047550432276657055 0.016 0.023054755043227664
1 0.08750000000000001 0.19920749279538905 0.019 0.029538904899135444
0 0.139 0.28890489913544665 0.024 0.03314121037463977
1 0.1285 0.37139769452449567 0.028 0.039625360230547545
1 0.17625 0.377521613832853 0.0165 0.037463976945244955
1 0.01625 0.48126801152737747 0.0245 0.040345821325648415
1 0.07025 0.46289625360230546 0.025500000000000002 0.030979827089337175
1 0.1305 0.4747838616714697 0.028 0.037463976945244955
0 0.11225 0.5698847262247838 0.0275 0.040345821325648415
1 0.07375 0.7053314121037464 0.0265 0.03170028818443804
0 0.1595 0.6322046109510085 0.023 0.039625360230547545
1 0.361 0.018371757925072046 0.018000000000000002 0.025216138328530258
1 0.35175 0.05727665706051873 0.021500000000000002 0.030979827089337175
1 0.31625000000000003 0.0925792507204611 0.0155 0.026657060518731988
1 0.2995 0.12031700288184437 0.015 0.02737752161383285
1 0.2645 0.1484149855907781 0.02 0.02737752161383285
1 0.2435 0.23883285302593657 0.017 0.023775216138328528
0 0.21225 0.24927953890489912 0.0175 0.024495677233429394
1 0.22175 0.2835014409221902 0.0195 0.028097982708933714
0 0.2655 0.2903458213256484 0.021 0.02881844380403458
1 0.26325 0.40201729106628237 0.0205 0.034582132564841495
0 0.28375 0.4513688760806916 0.0175 0.029538904899135444
1 0.2885 0.5623198847262247 0.028 0.042507204610951005
1 0.26075 0.6116714697406339 0.029500000000000002 0.04322766570605187
1 0.324 0.7773775216138328 0.033 0.04899135446685879
1 0.245 0.9488472622478386 0.038 0.05619596541786743
1 0.453 0.017291066282420747 0.011 0.020172910662824207
1 0.417 0.0569164265129683 0.015 0.02593659942363112
1 0.392 0.06880403458213256 0.017 0.023775216138328528
0 0.40075 0.11707492795389048 0.0135 0.023775216138328528
1 0.43025 0.10554755043227665 0.0185 0.032420749279538905
1 0.3245 0.20821325648414984 0.019 0.02737752161383285
1 0.39725 0.20461095100864551 0.0175 0.02881844380403458
0 0.34500000000000003 0.24063400576368874 0.02 0.030259365994236308
0 0.3 0.27053314121037464 0.017 0.028097982708933714
1 0.367 0.29358789625360227 0.022 0.032420749279538905
1 0.3415 0.3699567723342939 0.023 0.028097982708933714
1 0.4525 0.32708933717579247 0.022 0.034582132564841495
1 0.41975 0.3710374639769452 0.0245 0.02881844380403458
1 0.35525 0.46073487031700283 0.0195 0.03674351585014409
1 0.43075 0.4329971181556196 0.0235 0.03890489913544668
1 0.37525000000000003 0.6239193083573487 0.025500000000000002 0.04178674351585014
1 0.37925000000000003 0.6999279538904899 0.025500000000000002 0.042507204610951005
1 0.40900000000000003 0.7114553314121037 0.029 0.04394812680115273
1 0.41150000000000003 0.9369596541786743 0.036000000000000004 0.05403458213256484
1 0.4605 0.7917867435158501 0.017 0.03602305475504323
1 0.46925 0.5886167146974063 0.0265 0.040345821325648415
1 0.45375 0.5486311239193083 0.025500000000000002 0.029538904899135444
1 0.47550000000000003 0.0680835734870317 0.013000000000000001 0.02089337175792507
1 0.54425 0.03314121037463977 0.0125 0.021613832853025934
1 0.50825 0.0770893371757925 0.0125 0.011527377521613832
1 0.5387500000000001 0.10626801152737751 0.0165 0.025216138328530258
1 0.57275 0.0626801152737752 0.0165 0.02593659942363112
1 0.49575 0.14012968299711814 0.0165 0.028097982708933714
1 0.5315 0.20028818443804033 0.01 0.018731988472622477
1 0.50625 0.23991354466858789 0.0205 0.024495677233429394
1 0.5605 0.30007204610951005 0.019 0.030979827089337175
1 0.484 0.36563400576368876 0.02 0.03530259365994236
1 0.55575 0.3487031700288184 0.0195 0.02881844380403458
1 0.53725 0.37788184438040345 0.0225 0.039625360230547545
1 0.49525 0.4564121037463977 0.0195 0.03386167146974063
1 0.6285000000000001 0.010086455331412104 0.015 0.020172910662824207
1 0.63975 0.08789625360230546 0.0165 0.02593659942363112
1 0.6665 0.06988472622478385 0.014 0.023054755043227664
1 0.6925 0.0871757925072046 0.011 0.021613832853025934
1 0.70175 0.09329971181556196 0.0145 0.025216138328530258
0 0.676 0.13832853025936598 0.013000000000000001 0.023054755043227664
1 0.73375 0.10878962536023054 0.0155 0.02593659942363112
0 0.7365 0.14229106628242075 0.015 0.025216138328530258
1 0.70925 0.20353025936599423 0.0175 0.026657060518731988
0 0.6445 0.1685878962536023 0.017 0.021613832853025934
1 0.623 0.18840057636887605 0.019 0.030979827089337175
1 0.63475 0.2993515850144092 0.0185 0.025216138328530258
1 0.60375 0.3944524495677233 0.0245 0.030979827089337175
1 0.669 0.3865273775216138 0.02 0.028097982708933714
1 0.59575 0.5248559077809798 0.0275 0.030979827089337175
1 0.6032500000000001 0.7615273775216138 0.0325 0.0446685878962536
1 0.54725 0.8706772334293947 0.0345 0.05115273775216138
1 0.6465 0.829250720461095 0.033 0.04610951008645533
1 0.7655000000000001 0.010446685878962535 0.016 0.02089337175792507
1 0.8195 0.07600864553314121 0.015 0.026657060518731988
0 0.838 0.09221902017291066 0.014 0.021613832853025934
1 0.82025 0.14337175792507204 0.0125 0.023054755043227664
1 0.82625 0.1711095100864553 0.0175 0.025216138328530258
1 0.7735 0.2413544668587896 0.02 0.03170028818443804
1 0.81875 0.30655619596541783 0.0185 0.030979827089337175
1 0.69575 0.4268731988472622 0.021500000000000002 0.03530259365994236
1 0.73075 0.40381844380403453 0.021500000000000002 0.032420749279538905
1 0.7175 0.4632564841498559 0.025 0.034582132564841495
1 0.7262500000000001 0.5385446685878962 0.021500000000000002 0.04106628242074928
1 0.69825 0.5554755043227665 0.0275 0.04322766570605187
1 0.75625 0.9178674351585013 0.0345 0.053314121037463975
1 0.902 0.9780259365994236 0.039 0.042507204610951005
1 0.96475 0.9837896253602305 0.0375 0.030979827089337175
1 0.90725 0.8076368876080691 0.0325 0.04322766570605187
1 0.94125 0.7860230547550432 0.0285 0.05187319884726224
1 0.94325 0.6055475504322766 0.0285 0.04394812680115273
1 0.9440000000000001 0.5345821325648414 0.027 0.037463976945244955
1 0.99425 0.4899135446685879 0.0105 0.03602305475504323
1 0.897 0.4787463976945245 0.02 0.01945244956772334
1 0.91425 0.43695965417867433 0.0225 0.03386167146974063
1 0.8815000000000001 0.3753602305475504 0.022 0.034582132564841495
1 0.92425 0.32132564841498557 0.0195 0.034582132564841495
1 0.871 0.321685878962536 0.021 0.032420749279538905
1 0.8502500000000001 0.28206051873198845 0.0185 0.032420749279538905
1 0.9077500000000001 0.27521613832853026 0.0135 0.023054755043227664
1 0.8545 0.22298270893371758 0.019 0.028097982708933714
1 0.86975 0.167507204610951 0.0165 0.026657060518731988
1 0.9605 0.1829971181556196 0.011 0.02593659942363112
1 0.9815 0.10590778097982709 0.016 0.024495677233429394
1 0.895 0.07276657060518732 0.016 0.024495677233429394
1 0.86875 0.042507204610951005 0.0135 0.024495677233429394
1 0.9295 0.052233429394812673 0.015 0.01945244956772334
0 0.9570000000000001 0.030259365994236308 0.012 0.020172910662824207
0 0.99325 0.07132564841498559 0.0125 0.020172910662824207
