1 0.093 0.39864864864864863 0.10400000000000001 0.16366366366366367
0 0.202 0.4084084084084084 0.07200000000000001 0.11411411411411411
0 0.2925 0.7004504504504504 0.109 0.15465465465465467
1 0.47450000000000003 0.4084084084084084 0.083 0.13813813813813813
1 0.561 0.3138138138138138 0.064 0.11711711711711711
0 0.6635 0.34459459459459457 0.095 0.1066066066066066
1 0.8025 0.3596096096096096 0.047 0.11261261261261261
1 0.8765000000000001 0.42567567567567566 0.101 0.16066066066066065
0 0.9795 0.509009009009009 0.039 0.15015015015015015
1 0.7635000000000001 0.8183183183183184 0.127 0.16516516516516516
