1 0.0810546875 0.24231332357247437 0.03515625 0.060029282576866766
1 0.169921875 0.24890190336749635 0.041015625 0.07027818448023426
0 0.2216796875 0.19619326500732065 0.029296875 0.040995607613469986
0 0.251953125 0.15519765739385066 0.0390625 0.05856515373352855
0 0.35302734375 0.19326500732064422 0.0458984375 0.06734992679355783
1 0.5009765625 0.2342606149341142 0.05078125 0.09077598828696926
1 0.53369140625 0.17862371888726208 0.0224609375 0.05856515373352855
0 0.595703125 0.17715959004392387 0.04296875 0.06734992679355783
0 0.6572265625 0.16544655929721816 0.04296875 0.07027818448023426
1 0.8212890625 0.14494875549048317 0.056640625 0.09956076134699854
1 0.74853515625 0.12445095168374817 0.0263671875 0.04685212298682284
1 0.71728515625 0.19399707174231334 0.0263671875 0.0424597364568082
0 0.05810546875 0.16617862371888725 0.0302734375 0.05124450951683748
