0 0.05916473317865429 0.4817391304347826 0.09280742459396751 0.1391304347826087
0 0.08584686774941995 0.1191304347826087 0.06728538283062645 0.09565217391304348
1 0.14559164733178653 0.08782608695652175 0.054524361948955914 0.09565217391304348
1 0.308584686774942 0.044347826086956525 0.05568445475638051 0.08521739130434783
0 0.2273781902552204 0.11565217391304349 0.07192575406032482 0.10956521739130436
0 0.2627610208816705 0.2817391304347826 0.04524361948955916 0.07652173913043478
0 0.21461716937354988 0.4756521739130435 0.08584686774941995 0.13043478260869565
0 0.15661252900232017 0.6382608695652174 0.10904872389791183 0.11130434782608696
1 0.2093967517401392 0.8747826086956522 0.13109048723897912 0.2191304347826087
0 0.3567285382830626 0.6573913043478261 0.14037122969837587 0.16
0 0.3230858468677494 0.3756521739130435 0.09164733178654291 0.12521739130434784
0 0.3433874709976798 0.13478260869565217 0.07192575406032482 0.0782608695652174
0 0.4385150812064965 0.14956521739130435 0.06496519721577726 0.09043478260869565
1 0.49883990719257537 0.11217391304347826 0.07192575406032482 0.0991304347826087
1 0.48781902552204176 0.3486956521739131 0.08932714617169374 0.13043478260869565
0 0.568445475638051 0.26 0.06264501160092807 0.0991304347826087
0 0.6281902552204176 0.10956521739130436 0.07772621809744779 0.11478260869565218
0 0.7331786542923433 0.10695652173913044 0.06960556844547564 0.0782608695652174
0 0.7436194895591647 0.26521739130434785 0.06264501160092807 0.08869565217391305
1 0.6792343387470997 0.4252173913043478 0.09860788863109049 0.1547826086956522
0 0.6334106728538282 0.662608695652174 0.09048723897911833 0.12521739130434784
1 0.7523201856148491 0.7939130434782609 0.10092807424593966 0.14434782608695654
1 0.8271461716937355 0.4965217391304348 0.09048723897911833 0.1373913043478261
0 0.8642691415313225 0.1426086956521739 0.060324825986078884 0.09391304347826088
0 0.974477958236659 0.08695652173913043 0.048723897911832945 0.07304347826086957
1 0.9228538283062645 0.3130434782608696 0.07308584686774941 0.09739130434782609
