1 0.10458333333333333 0.42875 0.0325 0.085
1 0.19875 0.44375000000000003 0.0175 0.0425
1 0.28 0.464375 0.02666666666666667 0.05625
0 0.4979166666666667 0.408125 0.029166666666666667 0.05625
1 0.46458333333333335 0.5725 0.052500000000000005 0.095
1 0.63375 0.37625000000000003 0.022500000000000003 0.05
1 0.6204166666666667 0.528125 0.05416666666666667 0.07875
1 0.7766666666666667 0.468125 0.035 0.043750000000000004
1 0.8654166666666667 0.42875 0.030833333333333334 0.035
0 0.8250000000000001 0.5806250000000001 0.04833333333333334 0.08625000000000001
