1 0.05291666666666667 0.021393643031784843 0.05583333333333334 0.042787286063569685
1 0.32375000000000004 0.06051344743276284 0.05416666666666667 0.07701711491442542
1 0.25625000000000003 0.16992665036674817 0.052500000000000005 0.08312958435207823
0 0.42250000000000004 0.06356968215158924 0.043333333333333335 0.07090464547677261
1 0.3454166666666667 0.18704156479217604 0.06416666666666668 0.10757946210268948
1 0.06291666666666668 0.6974327628361858 0.11916666666666667 0.30684596577017115
0 0.5900000000000001 0.20721271393643031 0.03666666666666667 0.07212713936430318
0 0.5508333333333334 0.2622249388753056 0.05666666666666667 0.0843520782396088
1 0.4929166666666667 0.4180929095354523 0.07250000000000001 0.11735941320293398
1 0.6870833333333334 0.13814180929095354 0.05583333333333334 0.097799511002445
1 0.8258333333333334 0.19682151589242053 0.045000000000000005 0.08557457212713937
1 0.7783333333333334 0.4767726161369193 0.07166666666666667 0.10024449877750612
1 0.9329166666666667 0.3526894865525672 0.0575 0.07946210268948656
