1 0.2663398692810458 0.10474308300395256 0.025054466230936823 0.06324110671936758
1 0.23529411764705885 0.14822134387351776 0.03921568627450981 0.07114624505928853
1 0.16339869281045752 0.6343873517786561 0.07843137254901962 0.13833992094861658
1 0.3371459694989107 0.5227272727272727 0.062091503267973865 0.12450592885375493
1 0.41938997821350765 0.31126482213438733 0.054466230936819175 0.1126482213438735
1 0.4019607843137255 0.03359683794466403 0.019607843137254905 0.035573122529644265
1 0.4569716775599129 0.05039525691699604 0.01851851851851852 0.04545454545454545
1 0.5561002178649238 0.07806324110671936 0.03159041394335512 0.04940711462450593
1 0.542483660130719 0.2519762845849802 0.052287581699346414 0.10869565217391304
1 0.5702614379084968 0.424901185770751 0.06427015250544663 0.12252964426877469
1 0.653050108932462 0.24505928853754938 0.05773420479302833 0.11067193675889328
0 0.7494553376906319 0.12549407114624506 0.03050108932461874 0.05731225296442687
1 0.812091503267974 0.15810276679841895 0.03594771241830066 0.07905138339920947
1 0.7881263616557735 0.044466403162055336 0.027233115468409588 0.0533596837944664
1 0.8523965141612201 0.038537549407114624 0.03376906318082789 0.061264822134387345
1 0.900326797385621 0.06620553359683794 0.03376906318082789 0.04545454545454545
