1 0.02142857142857143 0.2472826086956522 0.030612244897959186 0.07065217391304347
1 0.13316326530612246 0.10869565217391304 0.06020408163265307 0.12681159420289856
1 0.25867346938775515 0.3233695652173913 0.02142857142857143 0.07065217391304347
0 0.3719387755102041 0.32608695652173914 0.025510204081632654 0.057971014492753624
1 0.4071428571428572 0.14764492753623187 0.03469387755102041 0.0923913043478261
1 0.516326530612245 0.16847826086956522 0.02653061224489796 0.08333333333333333
1 0.5051020408163266 0.22735507246376813 0.028571428571428574 0.06702898550724638
1 0.6556122448979592 0.22644927536231885 0.03571428571428572 0.06884057971014493
1 0.7051020408163265 0.23460144927536233 0.0326530612244898 0.07065217391304347
1 0.7709183673469389 0.29891304347826086 0.017346938775510204 0.04710144927536232
1 0.8173469387755102 0.24547101449275363 0.036734693877551024 0.07065217391304347
1 0.8918367346938776 0.2708333333333333 0.030612244897959186 0.06340579710144928
1 0.9265306122448981 0.2726449275362319 0.02653061224489796 0.06702898550724638
