0 0.10076887232059646 0.2575153929735603 0.06407269338303821 0.10865628395508874
1 0.23508853681267475 0.21169865990583123 0.04193849021435228 0.07352408547627672
1 0.271668219944082 0.21405287939152481 0.03308480894687791 0.05070626584570808
1 0.34156570363466915 0.19322709163346613 0.03727865796831314 0.0633828323071351
1 0.21225535880708293 0.4116262223831945 0.06896551724137931 0.10612097066280334
1 0.3130242311276794 0.5300615718942412 0.09715750232991612 0.16117348786671495
1 0.39200838769804286 0.2088011590003622 0.025396085740913326 0.04672220210068816
1 0.4144920782851817 0.2423035132198479 0.03308480894687791 0.0572256428830134
1 0.4828751164958061 0.2993480622962695 0.04962721342031687 0.10394784498370156
1 0.5470643056849953 0.2189424121695038 0.03308480894687791 0.07352408547627672
1 0.6727632805219012 0.4364360738862731 0.08597390493942218 0.13763129300977905
1 0.8810577819198508 0.8679826149945672 0.16146318732525627 0.24302788844621515
1 0.7707362534948742 0.2834118073161898 0.05917986952469711 0.09163346613545817
