1 0.009583333333333334 0.35407407407407404 0.01916666666666667 0.026666666666666665
1 0.11583333333333334 0.37777777777777777 0.02 0.029629629629629627
1 0.034583333333333334 0.45259259259259255 0.037500000000000006 0.06666666666666667
1 0.09583333333333334 0.5414814814814815 0.030000000000000002 0.06962962962962962
1 0.2066666666666667 0.4414814814814815 0.05333333333333334 0.10074074074074074
1 0.22875 0.3688888888888889 0.022500000000000003 0.05333333333333333
1 0.25875000000000004 0.3422222222222222 0.020833333333333336 0.038518518518518514
1 0.3241666666666667 0.3585185185185185 0.013333333333333334 0.026666666666666665
1 0.2991666666666667 0.3933333333333333 0.016666666666666666 0.037037037037037035
1 0.32 0.47333333333333333 0.035 0.06962962962962962
1 0.3529166666666667 0.43555555555555553 0.01916666666666667 0.05333333333333333
1 0.39958333333333335 0.4511111111111111 0.05583333333333334 0.0962962962962963
1 0.4529166666666667 0.6281481481481481 0.06583333333333334 0.13629629629629628
1 0.4445833333333334 0.3814814814814815 0.014166666666666668 0.025185185185185185
1 0.5958333333333333 0.4711111111111111 0.023333333333333334 0.06518518518518518
1 0.64375 0.4059259259259259 0.020833333333333336 0.047407407407407405
1 0.6875 0.49851851851851847 0.035 0.07259259259259258
1 0.8479166666666668 0.6474074074074073 0.15916666666666668 0.3081481481481481
1 0.9404166666666667 0.7429629629629629 0.060833333333333336 0.1288888888888889
