1 0.0955 0.7522202486678509 0.169 0.32149200710479575
1 0.2625 0.6154529307282416 0.10300000000000001 0.19005328596802842
0 0.3015 0.3783303730017762 0.065 0.11012433392539965
1 0.41050000000000003 0.5133214920071049 0.085 0.14920071047957373
0 0.47650000000000003 0.35346358792184723 0.035 0.1172291296625222
1 0.5475 0.4218472468916519 0.109 0.21492007104795738
1 0.6435 0.42095914742451157 0.08700000000000001 0.18117229129662524
0 0.673 0.13587921847246892 0.044 0.08348134991119005
1 0.864 0.21225577264653642 0.048 0.0763765541740675
1 0.9185 0.18206039076376554 0.053 0.10124333925399645
1 0.739 0.31349911190053287 0.048 0.08703374777975134
1 0.782 0.4182948490230906 0.07200000000000001 0.1438721136767318
1 0.9595 0.43872113676731794 0.067 0.1349911190053286
1 0.7535000000000001 0.9129662522202487 0.133 0.1705150976909414
1 0.4415 0.10035523978685613 0.033 0.055062166962699825
0 0.596 0.1341030195381883 0.032 0.07282415630550622
0 0.7775 0.04884547069271759 0.031 0.047957371225577264
