1 0.041363636363636366 0.9523424878836834 0.07181818181818182 0.09208400646203554
1 0.12090909090909091 0.8537964458804524 0.07090909090909091 0.13408723747980614
1 0.165 0.7673667205169629 0.053636363636363635 0.11954765751211632
0 0.09409090909090909 0.4789983844911147 0.05 0.09208400646203554
1 0.2631818181818182 0.5008077544426495 0.04818181818181818 0.10985460420032311
1 0.2595454545454545 0.22051696284329564 0.057272727272727274 0.09208400646203554
1 0.08272727272727273 0.3247172859450727 0.045454545454545456 0.10662358642972537
1 0.02181818181818182 0.28029079159935383 0.03090909090909091 0.08562197092084008
1 0.5622727272727273 0.9038772213247174 0.07181818181818182 0.12762520193861068
1 0.5177272727272727 0.8085621970920841 0.06454545454545454 0.09854604200323103
1 0.49818181818181817 0.41437802907915994 0.06181818181818182 0.10823909531502424
1 0.4813636363636364 0.22132471728594508 0.060909090909090906 0.09046849757673668
1 0.4868181818181818 0.0654281098546042 0.05545454545454546 0.07592891760904685
1 0.6609090909090909 0.22213247172859452 0.05454545454545454 0.11147011308562198
1 0.6404545454545455 0.4878836833602585 0.053636363636363635 0.10339256865912763
1 0.7477272727272727 0.21970920840064623 0.05909090909090909 0.11631663974151858
1 0.8213636363636364 0.1373182552504039 0.057272727272727274 0.08723747980613894
1 0.8954545454545455 0.3174474959612278 0.06727272727272728 0.10177705977382877
1 0.9331818181818182 0.6841680129240711 0.06272727272727273 0.10177705977382877
