1 0.07 0.21082390953150243 0.06 0.09854604200323103
1 0.19272727272727272 0.12681744749596124 0.04727272727272727 0.07592891760904685
1 0.305 0.17366720516962844 0.046363636363636364 0.06946688206785137
1 0.3936363636363636 0.1817447495961228 0.05818181818181818 0.09854604200323103
1 0.535 0.12439418416801293 0.03909090909090909 0.07431340872374799
1 0.6090909090909091 0.1518578352180937 0.03272727272727273 0.07108239095315025
1 0.6840909090909091 0.14620355411954766 0.03909090909090909 0.05977382875605816
1 0.735 0.1324717285945073 0.03727272727272727 0.07431340872374799
1 0.8404545454545455 0.17609046849757676 0.053636363636363635 0.09693053311793215
1 0.9122727272727272 0.15751211631663975 0.04454545454545455 0.0791599353796446
