1 0.10704022988505747 0.585195530726257 0.07902298850574713 0.18156424581005587
1 0.06752873563218391 0.26536312849162014 0.06321839080459771 0.1452513966480447
1 0.13505747126436782 0.12011173184357542 0.05747126436781609 0.15083798882681565
1 0.22413793103448276 0.5111731843575419 0.06609195402298851 0.17318435754189945
1 0.16451149425287356 0.4092178770949721 0.05603448275862069 0.13687150837988826
1 0.3318965517241379 0.5935754189944135 0.06034482758620689 0.19832402234636873
1 0.27155172413793105 0.9343575418994414 0.09482758620689655 0.12569832402234637
1 0.4260057471264368 0.8980446927374302 0.11063218390804598 0.19832402234636873
1 0.41954022988505746 0.3575418994413408 0.07183908045977011 0.17318435754189945
1 0.34123563218390807 0.24162011173184358 0.0617816091954023 0.14804469273743018
1 0.5438218390804598 0.3784916201117319 0.05890804597701149 0.14245810055865923
1 0.576867816091954 0.782122905027933 0.08189655172413793 0.16201117318435754
1 0.6278735632183908 0.585195530726257 0.06321839080459771 0.17597765363128492
1 0.603448275862069 0.3254189944134078 0.06609195402298851 0.164804469273743
1 0.6609195402298851 0.12569832402234637 0.05459770114942529 0.1340782122905028
0 0.5352011494252874 0.0935754189944134 0.04741379310344827 0.09776536312849163
1 0.7650862068965517 0.4162011173184358 0.05890804597701149 0.1452513966480447
1 0.8060344827586207 0.6801675977653632 0.08908045977011494 0.20391061452513967
1 0.8563218390804598 0.6508379888268156 0.05747126436781609 0.1564245810055866
1 0.9640804597701149 0.45670391061452514 0.06896551724137931 0.1871508379888268
1 0.9245689655172413 0.2011173184357542 0.0617816091954023 0.15083798882681565
1 0.9432471264367815 0.0558659217877095 0.05316091954022988 0.0893854748603352
1 0.8484195402298851 0.36312849162011174 0.06752873563218391 0.13966480446927373
1 0.9734195402298851 0.888268156424581 0.04741379310344827 0.21787709497206706
