1 0.668 0.6572802197802198 0.122 0.1881868131868132
1 0.802 0.5576923076923077 0.132 0.19505494505494508
1 0.9415 0.45329670329670335 0.059000000000000004 0.1043956043956044
1 0.8270000000000001 0.2568681318681319 0.066 0.08516483516483517
1 0.93 0.2197802197802198 0.034 0.06868131868131869
1 0.6855 0.36332417582417587 0.079 0.11126373626373627
1 0.6305000000000001 0.19711538461538464 0.043000000000000003 0.07554945054945056
1 0.5625 0.45054945054945056 0.073 0.11263736263736264
1 0.3675 0.4553571428571429 0.073 0.12225274725274726
1 0.508 0.3619505494505495 0.06 0.0782967032967033
1 0.2505 0.4182692307692308 0.061 0.07554945054945056
1 0.11750000000000001 0.5260989010989011 0.073 0.11813186813186814
1 0.0505 0.38049450549450553 0.055 0.07967032967032968
1 0.23850000000000002 0.22115384615384617 0.057 0.07142857142857144
1 0.357 0.16826923076923078 0.052000000000000005 0.07554945054945056
1 0.47750000000000004 0.21703296703296704 0.029 0.057692307692307696
1 0.532 0.25549450549450553 0.034 0.06043956043956045
1 0.14150000000000001 0.1717032967032967 0.057 0.07417582417582418
