1 0.0425 0.23273273273273273 0.077 0.13813813813813813
1 0.242 0.3761261261261261 0.074 0.12462462462462462
1 0.41500000000000004 0.44819819819819817 0.074 0.11861861861861862
1 0.5755 0.4091591591591592 0.063 0.13063063063063063
1 0.7045 0.40015015015015015 0.073 0.1036036036036036
1 0.8210000000000001 0.40540540540540543 0.066 0.0990990990990991
1 0.875 0.37987987987987987 0.032 0.07207207207207207
0 0.9245 0.38813813813813813 0.055 0.08858858858858859
0 0.5045000000000001 0.31981981981981983 0.069 0.09009009009009009
0 0.644 0.35735735735735735 0.042 0.1021021021021021
