1 0.03125 0.23916967509025272 0.055 0.0812274368231047
1 0.08750000000000001 0.2779783393501805 0.0325 0.05415162454873646
1 0.240625 0.22653429602888087 0.03375 0.0631768953068592
1 0.30625 0.2292418772563177 0.05 0.08664259927797835
1 0.344375 0.24007220216606498 0.02875 0.05054151624548737
1 0.39375 0.2770758122743682 0.0375 0.055956678700361015
1 0.466875 0.2752707581227437 0.03625 0.052346570397111915
1 0.56625 0.3149819494584838 0.0525 0.0703971119133574
1 0.615 0.21660649819494585 0.045 0.06498194945848376
1 0.714375 0.2364620938628159 0.03125 0.05415162454873646
1 0.7525000000000001 0.23375451263537908 0.0425 0.0703971119133574
1 0.829375 0.3276173285198556 0.04875 0.0703971119133574
1 0.904375 0.26714801444043323 0.043750000000000004 0.07942238267148015
1 0.42375 0.26173285198555957 0.02 0.036101083032490974
