1 0.20583333333333334 0.1569767441860465 0.05333333333333334 0.07881136950904392
1 0.28833333333333333 0.3824289405684755 0.043333333333333335 0.06718346253229975
1 0.46458333333333335 0.2054263565891473 0.0475 0.06976744186046512
1 0.9116666666666667 0.19767441860465118 0.04166666666666667 0.06459948320413438
1 0.6891666666666667 0.21834625322997417 0.03666666666666667 0.0516795865633075
1 0.6083333333333334 0.19832041343669252 0.03333333333333333 0.04521963824289406
1 0.5645833333333333 0.22997416020671835 0.029166666666666667 0.043927648578811374
1 0.07791666666666668 0.19186046511627908 0.0275 0.04005167958656331
1 0.2904166666666667 0.15116279069767444 0.025833333333333337 0.043927648578811374
1 0.3383333333333334 0.18217054263565893 0.018333333333333333 0.03359173126614987
1 0.3879166666666667 0.18733850129198967 0.01916666666666667 0.028423772609819122
1 0.9716666666666667 0.20155038759689922 0.018333333333333333 0.028423772609819122
