1 0.089375 0.8266666666666668 0.06125 0.08666666666666667
1 0.21937500000000001 0.8266666666666668 0.058750000000000004 0.08666666666666667
1 0.330625 0.8566666666666667 0.05625 0.08333333333333334
1 0.504375 0.9008333333333334 0.06875 0.085
1 0.794375 0.7675000000000001 0.06125 0.07500000000000001
1 0.9525 0.8366666666666667 0.055 0.05
1 0.664375 0.66 0.058750000000000004 0.07666666666666667
1 0.85 0.5075000000000001 0.0475 0.06166666666666667
1 0.979375 0.5683333333333334 0.03375 0.06333333333333334
1 0.719375 0.5033333333333334 0.03625 0.05333333333333334
1 0.543125 0.6791666666666667 0.05625 0.07166666666666667
1 0.408125 0.6458333333333334 0.05375 0.06833333333333334
1 0.225 0.5883333333333334 0.03 0.07666666666666667
1 0.18875 0.5750000000000001 0.055 0.08
1 0.120625 0.5716666666666667 0.051250000000000004 0.07333333333333333
1 0.0125 0.5433333333333333 0.025 0.07333333333333333
1 0.02 0.3925 0.04 0.045000000000000005
1 0.13 0.39083333333333337 0.045 0.06166666666666667
1 0.2625 0.43000000000000005 0.04 0.05666666666666667
1 0.34375 0.42083333333333334 0.045 0.058333333333333334
1 0.469375 0.4808333333333334 0.051250000000000004 0.06166666666666667
1 0.570625 0.49500000000000005 0.04875 0.060000000000000005
1 0.965 0.3541666666666667 0.0425 0.06166666666666667
1 0.8143750000000001 0.31833333333333336 0.02875 0.060000000000000005
1 0.7225 0.30583333333333335 0.04 0.065
1 0.65 0.3041666666666667 0.045 0.04833333333333334
1 0.5375 0.25083333333333335 0.04 0.06166666666666667
1 0.483125 0.2575 0.03375 0.06166666666666667
1 0.373125 0.21500000000000002 0.03375 0.060000000000000005
1 0.291875 0.2316666666666667 0.03375 0.05333333333333334
1 0.179375 0.2041666666666667 0.03125 0.05166666666666667
1 0.085625 0.2016666666666667 0.03875 0.06333333333333334
1 0.01875 0.19166666666666668 0.0375 0.05666666666666667
1 0.0175 0.09666666666666668 0.03 0.04666666666666667
1 0.11625 0.10500000000000001 0.0225 0.04666666666666667
1 0.206875 0.14083333333333334 0.03375 0.05166666666666667
1 0.333125 0.14583333333333334 0.02875 0.055
1 0.48375 0.11916666666666667 0.0275 0.055
1 0.57375 0.15166666666666667 0.035 0.060000000000000005
1 0.695625 0.18000000000000002 0.03625 0.060000000000000005
1 0.788125 0.15916666666666668 0.03875 0.065
1 0.900625 0.19333333333333336 0.03625 0.05666666666666667
1 0.985625 0.21000000000000002 0.02625 0.060000000000000005
1 0.815625 0.060833333333333336 0.03125 0.04833333333333334
1 0.740625 0.06916666666666667 0.03625 0.05166666666666667
1 0.64125 0.0625 0.0325 0.055
1 0.5975 0.02 0.025 0.04
1 0.514375 0.0575 0.03375 0.045000000000000005
1 0.446875 0.060000000000000005 0.03375 0.04
1 0.379375 0.04666666666666667 0.03375 0.04666666666666667
1 0.2925 0.03166666666666667 0.0375 0.04666666666666667
1 0.17500000000000002 0.052500000000000005 0.025 0.03833333333333334
1 0.110625 0.023333333333333334 0.02375 0.04666666666666667
