1 0.8465 0.1686656671664168 0.063 0.0944527736131934
1 0.09 0.20614692653673164 0.05 0.06746626686656672
1 0.644 0.19415292353823088 0.046 0.07346326836581708
1 0.7085 0.29610194902548725 0.033 0.04947526236881559
1 0.9355 0.2983508245877061 0.047 0.08095952023988005
1 0.47700000000000004 0.19565217391304346 0.056 0.10044977511244378
1 0.116 0.2781109445277361 0.056 0.0944527736131934
0 0.022 0.20014992503748125 0.044 0.0704647676161919
0 0.1955 0.2946026986506747 0.055 0.08845577211394302
0 0.2335 0.23238380809595202 0.037 0.06296851574212893
0 0.3635 0.24437781109445278 0.045 0.05997001499250375
0 0.602 0.2151424287856072 0.042 0.06146926536731634
0 0.7225 0.15517241379310345 0.047 0.06746626686656672
