0 0.12583333333333335 0.20780254777070065 0.02666666666666667 0.052547770700636945
0 0.26416666666666666 0.26831210191082805 0.028333333333333335 0.06210191082802548
0 0.4970833333333334 0.1998407643312102 0.0275 0.08121019108280256
0 0.5908333333333333 0.1520700636942675 0.03333333333333333 0.08121019108280256
0 0.65125 0.28423566878980894 0.04416666666666667 0.08439490445859874
0 0.7508333333333334 0.21337579617834396 0.02666666666666667 0.04777070063694268
0 0.7150000000000001 0.2197452229299363 0.023333333333333334 0.04777070063694268
0 0.68 0.2269108280254777 0.028333333333333335 0.06210191082802548
0 0.6587500000000001 0.17356687898089174 0.025833333333333337 0.0445859872611465
0 0.8575 0.18232484076433123 0.03333333333333333 0.07165605095541401
