1 0.398 0.25266903914590744 0.07 0.12811387900355872
1 0.539 0.39412811387900354 0.058 0.10854092526690391
1 0.2885 0.8887900355871886 0.131 0.2188612099644128
1 0.5365 0.9323843416370107 0.121 0.13167259786476868
1 0.839 0.20106761565836298 0.058 0.10676156583629892
1 0.6445 0.15213523131672596 0.063 0.10142348754448398
1 0.724 0.15747330960854092 0.06 0.1298932384341637
1 0.5125 0.25266903914590744 0.063 0.12811387900355872
1 0.528 0.046263345195729534 0.026000000000000002 0.07829181494661921
1 0.40850000000000003 0.08629893238434164 0.045 0.08362989323843416
1 0.27 0.03202846975088968 0.03 0.06405693950177936
1 0.1585 0.08629893238434164 0.045 0.07651245551601422
1 0.0505 0.12188612099644128 0.049 0.0693950177935943
1 0.20500000000000002 0.05338078291814946 0.032 0.06405693950177936
1 0.7875 0.03914590747330961 0.041 0.07829181494661921
0 0.2285 0.12099644128113879 0.037 0.07829181494661921
