1 0.8411458333333333 0.4453125 0.109375 0.10677083333333333
1 0.6779513888888888 0.34244791666666663 0.07291666666666666 0.13020833333333331
1 0.61328125 0.3313802083333333 0.07378472222222222 0.11848958333333333
1 0.5421006944444444 0.291015625 0.0703125 0.11067708333333333
1 0.43576388888888884 0.2962239583333333 0.0642361111111111 0.10546875
1 0.39496527777777773 0.27994791666666663 0.03645833333333333 0.09895833333333333
1 0.3606770833333333 0.291015625 0.035590277777777776 0.08723958333333333
1 0.3042534722222222 0.20182291666666666 0.0546875 0.09114583333333333
1 0.2599826388888889 0.248046875 0.05295138888888889 0.08203125
1 0.11848958333333333 0.26432291666666663 0.033854166666666664 0.057291666666666664
1 0.023871527777777776 0.23307291666666666 0.0390625 0.06770833333333333
