1 0.021562500000000002 0.48828491096532334 0.041875 0.07872539831302718
1 0.08687500000000001 0.4526710402999063 0.045 0.06935332708528585
1 0.19125 0.4526710402999063 0.0475 0.07310215557638239
1 0.285625 0.4250234301780694 0.0425 0.06279287722586692
1 0.34750000000000003 0.44798500468603564 0.04625 0.08247422680412371
1 0.48281250000000003 0.4662605435801312 0.045625 0.07591377694470477
1 0.5034375 0.4250234301780694 0.028125 0.08528584817244611
1 0.6128125 0.4381443298969072 0.025625000000000002 0.04779756326148079
1 0.69125 0.32989690721649484 0.05 0.09372071227741331
1 0.869375 0.35332708528584816 0.058750000000000004 0.08809746954076851
1 0.9909375 0.37722586691658855 0.016875 0.07403936269915652
1 0.9259375 0.37347703842549207 0.046875 0.07778819119025304
0 0.6378125 0.4451733833177132 0.034375 0.07310215557638239
0 0.40375 0.49109653233364575 0.043750000000000004 0.07310215557638239
0 0.25906250000000003 0.4681349578256795 0.046875 0.08341143392689784
