1 0.7120833333333334 0.376875 0.0675 0.11125
1 0.8845833333333334 0.274375 0.05583333333333334 0.10375000000000001
1 0.6433333333333334 0.24375 0.06333333333333334 0.1225
1 0.39125000000000004 0.42812500000000003 0.05916666666666667 0.08375
1 0.4316666666666667 0.340625 0.05166666666666667 0.08625000000000001
1 0.03958333333333334 0.369375 0.07916666666666668 0.23125
1 0.33083333333333337 0.3525 0.045000000000000005 0.0675
1 0.26833333333333337 0.3225 0.05166666666666667 0.065
1 0.09291666666666668 0.316875 0.037500000000000006 0.05375
1 0.1975 0.313125 0.04166666666666667 0.051250000000000004
1 0.15208333333333335 0.285625 0.020833333333333336 0.03875
1 0.5120833333333333 0.280625 0.0275 0.043750000000000004
