1 0.096875 0.23777777777777778 0.051250000000000004 0.06222222222222222
1 0.261875 0.205 0.045 0.06555555555555556
1 0.1553125 0.28888888888888886 0.020625 0.04
1 0.33718750000000003 0.2477777777777778 0.025625000000000002 0.04888888888888889
1 0.4246875 0.23777777777777778 0.036875 0.08
1 0.530625 0.25722222222222224 0.04 0.08555555555555555
1 0.7125 0.26166666666666666 0.02875 0.08333333333333333
1 0.8628125 0.245 0.038125 0.07666666666666666
1 0.5825 0.3372222222222222 0.01 0.021111111111111112
1 0.9884375 0.35944444444444446 0.011875 0.021111111111111112
1 0.9759375 0.36777777777777776 0.014375 0.026666666666666665
