1 0.04523809523809524 0.5913705583756345 0.08476190476190476 0.12182741116751268
1 0.08523809523809524 0.42639593908629436 0.039047619047619046 0.05837563451776649
1 0.12142857142857143 0.39340101522842635 0.025714285714285714 0.04314720812182741
1 0.17 0.34835025380710655 0.023809523809523808 0.031725888324873094
1 0.021904761904761906 0.3610406091370558 0.022857142857142857 0.026649746192893398
1 0.19666666666666666 0.4295685279187817 0.037142857142857144 0.04441624365482233
1 0.23476190476190475 0.36040609137055835 0.02761904761904762 0.03807106598984771
1 0.2857142857142857 0.5279187817258882 0.11428571428571428 0.16243654822335024
1 0.29095238095238096 0.35406091370558374 0.025714285714285714 0.027918781725888322
1 0.37666666666666665 0.36738578680203043 0.01619047619047619 0.021573604060913704
1 0.4 0.3895939086294416 0.026666666666666665 0.032994923857868015
1 0.4419047619047619 0.4543147208121827 0.04380952380952381 0.05837563451776649
1 0.5414285714285715 0.44479695431472077 0.06190476190476191 0.08756345177664974
1 0.5076190476190476 0.39974619289340096 0.022857142857142857 0.04568527918781726
1 0.4452380952380952 0.3813451776649746 0.018095238095238095 0.021573604060913704
1 0.5833333333333334 0.3515228426395939 0.02761904761904762 0.027918781725888322
1 0.7004761904761905 0.39403553299492383 0.025714285714285714 0.029187817258883246
1 0.6995238095238095 0.34517766497461927 0.01619047619047619 0.02284263959390863
1 0.7466666666666667 0.440989847715736 0.024761904761904763 0.031725888324873094
1 0.7276190476190476 0.3623096446700507 0.017142857142857144 0.016497461928934008
1 0.7752380952380953 0.39847715736040606 0.02095238095238095 0.027918781725888322
1 0.8247619047619048 0.44670050761421315 0.049523809523809526 0.06345177664974619
1 0.8909523809523809 0.4010152284263959 0.023809523809523808 0.032994923857868015
1 0.9880952380952381 0.4606598984771573 0.021904761904761906 0.06852791878172589
1 0.9604761904761905 0.38642131979695427 0.03142857142857143 0.03426395939086294
0 0.5428571428571428 0.348984771573604 0.013333333333333332 0.02030456852791878
