1 0.53625 0.42333333333333334 0.04 0.05
1 0.781875 0.48333333333333334 0.03625 0.043333333333333335
0 0.875625 0.4916666666666667 0.04125 0.04666666666666667
0 0.716875 0.44583333333333336 0.03875 0.04166666666666667
0 0.65625 0.4108333333333334 0.035 0.04166666666666667
0 0.469375 0.41583333333333333 0.03375 0.04833333333333334
0 0.36625 0.40750000000000003 0.04 0.04833333333333334
0 0.441875 0.395 0.03125 0.04
0 0.199375 0.4025 0.04125 0.05166666666666667
0 0.281875 0.4025 0.03375 0.05166666666666667
0 0.249375 0.5575 0.03125 0.045000000000000005
0 0.615625 0.4291666666666667 0.04125 0.04833333333333334
1 0.07062500000000001 0.4391666666666667 0.02125 0.028333333333333335
0 0.84125 0.4566666666666667 0.0225 0.02666666666666667
