1 0.097398 0.204000 0.062708 0.102000
1 0.296197 0.237500 0.052035 0.099000
1 0.392929 0.277000 0.050700 0.098000
1 0.474316 0.212000 0.061374 0.106000
1 0.614743 0.262500 0.035357 0.095000
1 0.594396 0.196500 0.025350 0.083000
1 0.723482 0.232500 0.050033 0.089000
1 0.914610 0.291000 0.058706 0.094000
1 0.157772 0.141000 0.027352 0.080000
1 0.350901 0.161500 0.030687 0.067000
1 0.679119 0.147500 0.034690 0.095000
1 0.762842 0.105500 0.038025 0.065000
0 0.647765 0.125500 0.021348 0.049000
1 0.524683 0.078500 0.030020 0.073000
