1 0.20068359375 0.29136690647482016 0.0439453125 0.0618705035971223
1 0.3193359375 0.2892086330935252 0.044921875 0.06618705035971223
1 0.43310546875 0.3143884892086331 0.0556640625 0.07625899280575539
1 0.099609375 0.27697841726618705 0.025390625 0.04748201438848921
1 0.3134765625 0.22446043165467627 0.03125 0.04892086330935252
1 0.24365234375 0.23237410071942446 0.0205078125 0.03884892086330936
1 0.40380859375 0.258273381294964 0.0458984375 0.07625899280575539
1 0.859375 0.2863309352517986 0.044921875 0.06618705035971223
1 0.7021484375 0.24316546762589927 0.04296875 0.06330935251798561
1 0.60009765625 0.2539568345323741 0.0419921875 0.06474820143884892
0 0.76220703125 0.2647482014388489 0.0361328125 0.08345323741007195
1 0.89794921875 0.220863309352518 0.0283203125 0.050359712230215826
1 0.10107421875 0.3287769784172662 0.0185546875 0.05611510791366907
