1 0.3861702127659575 0.6042553191489363 0.16170212765957448 0.22978723404255322
1 0.07021276595744681 0.873758865248227 0.14042553191489363 0.2127659574468085
1 0.09468085106382979 0.3014184397163121 0.11702127659574468 0.16312056737588654
1 0.33882978723404256 0.31347517730496455 0.11170212765957448 0.14184397163120568
1 0.6590425531914894 0.35602836879432626 0.14361702127659576 0.1843971631205674
1 0.5276595744680851 0.17659574468085107 0.10425531914893617 0.16028368794326242
1 0.7420212765957447 0.10070921985815603 0.09468085106382979 0.14184397163120568
1 0.025531914893617023 0.3319148936170213 0.05106382978723405 0.11063829787234043
1 0.8707446808510638 0.11631205673758865 0.09468085106382979 0.11631205673758865
1 0.6468085106382979 0.09716312056737589 0.06808510638297872 0.11205673758865249
0 0.44042553191489364 0.19574468085106383 0.07021276595744681 0.1021276595744681
0 0.9132978723404256 0.2801418439716312 0.1351063829787234 0.17446808510638298
