1 0.06875 0.9169921875 0.1075 0.162109375
1 0.19375 0.7958984375 0.07 0.111328125
1 0.30312500000000003 0.7412109375 0.12875 0.228515625
1 0.49375 0.6142578125 0.0775 0.166015625
1 0.32125 0.2421875 0.045 0.07421875
1 0.39937500000000004 0.1123046875 0.03625 0.056640625
1 0.4225 0.2470703125 0.035 0.068359375
1 0.498125 0.1396484375 0.02875 0.044921875
1 0.591875 0.1533203125 0.03625 0.060546875
1 0.5650000000000001 0.3740234375 0.0375 0.068359375
1 0.69125 0.5625 0.10250000000000001 0.16015625
1 0.75625 0.19140625 0.035 0.0546875
0 0.8475 0.341796875 0.0375 0.05859375
0 0.664375 0.2001953125 0.03625 0.060546875
0 0.446875 0.4560546875 0.04875 0.076171875
