1 0.06640625 0.38984375000000004 0.09843750000000001 0.16718750000000002
1 0.32421875 0.25625000000000003 0.037500000000000006 0.07187500000000001
1 0.41718750000000004 0.28515625 0.029687500000000002 0.0765625
1 0.630078125 0.259375 0.03828125 0.07500000000000001
1 0.689453125 0.17421875 0.041406250000000006 0.0921875
1 0.8929687500000001 0.2625 0.078125 0.2
1 0.7117187500000001 0.46484375 0.040625 0.0859375
0 0.82578125 0.28515625 0.053125000000000006 0.0921875
0 0.380859375 0.21640625000000002 0.022656250000000003 0.0546875
1 0.290625 0.21328125 0.018750000000000003 0.06406250000000001
0 0.20273437500000002 0.19062500000000002 0.03515625 0.09375
1 0.55 0.17500000000000002 0.035937500000000004 0.06875
