1 0.0625 0.2361111111111111 0.11328125 0.2222222222222222
1 0.33984375 0.3758680555555555 0.078125 0.15451388888888887
1 0.42529296875 0.21788194444444442 0.0341796875 0.08854166666666666
1 0.51953125 0.23871527777777776 0.068359375 0.13715277777777776
1 0.89697265625 0.2630208333333333 0.0380859375 0.06770833333333333
0 0.96142578125 0.2743055555555555 0.0341796875 0.07638888888888888
0 0.78125 0.24305555555555555 0.041015625 0.08333333333333333
0 0.71923828125 0.234375 0.0380859375 0.08680555555555555
0 0.640625 0.2378472222222222 0.04296875 0.10763888888888888
0 0.21337890625 0.2534722222222222 0.0556640625 0.10069444444444443
0 0.1552734375 0.24739583333333331 0.0234375 0.046875
