1 0.346875 0.21666666666666667 0.10625 0.16666666666666669
1 0.496875 0.2841666666666667 0.043750000000000004 0.065
1 0.47000000000000003 0.4658333333333334 0.0725 0.10166666666666667
1 0.555 0.4566666666666667 0.07 0.09000000000000001
1 0.5325 0.6591666666666667 0.0975 0.11833333333333335
1 0.765 0.5358333333333334 0.1 0.11833333333333335
0 0.578125 0.305 0.03125 0.04
0 0.40625 0.3075 0.0425 0.065
0 0.099375 0.24000000000000002 0.043750000000000004 0.10666666666666667
0 0.979375 0.2808333333333333 0.03875 0.05166666666666667
