1 0.032 0.30213903743315507 0.034 0.0873440285204991
1 0.1125 0.27807486631016043 0.047 0.08912655971479501
1 0.2575 0.6194295900178253 0.035 0.062388591800356503
1 0.304 0.43672014260249553 0.038 0.0784313725490196
1 0.34800000000000003 0.3627450980392157 0.036000000000000004 0.062388591800356503
1 0.417 0.40819964349376114 0.042 0.0641711229946524
1 0.4655 0.4064171122994652 0.033 0.0570409982174688
1 0.5705 0.37700534759358284 0.033 0.0659536541889483
1 0.637 0.39126559714795006 0.034 0.0659536541889483
1 0.722 0.32887700534759357 0.034 0.062388591800356503
0 0.2195 0.3368983957219251 0.037 0.0784313725490196
0 0.3125 0.3520499108734403 0.029 0.0481283422459893
0 0.5315 0.3885918003565062 0.031 0.0677361853832442
0 0.393 0.3689839572192513 0.036000000000000004 0.0677361853832442
