1 0.7901610796691336 0.7255062050947093 0.09882455376578145 0.15316786414108427
0 0.8345668262951675 0.5231874591770085 0.07705703090988245 0.11561071195297191
0 0.4469960818458859 0.5584585238406271 0.07858075750979539 0.11561071195297191
1 0.5205703090988245 0.6966035271064663 0.1020896821941663 0.1456564337034618
1 0.9575533304309969 0.5473546701502287 0.0587723117109273 0.08752449379490529
1 0.1866565084893339 0.6288373612018289 0.08380496299521115 0.15055519268451992
1 0.07607749238136699 0.5070215545395167 0.056813234653896386 0.0930764206401045
1 0.26610796691336525 0.5836054866100588 0.045058772311710925 0.10058785107772698
1 0.3515454941227688 0.5321685173089484 0.05180670439703961 0.07805355976485957
1 0.3908358728776665 0.4906923579359896 0.056813234653896386 0.11071195297191379
1 0.5181758815846756 0.48693664271717835 0.060296038310840225 0.09274983670803397
1 0.5667174575533304 0.48563030698889614 0.04026991728341314 0.07054212932723711
1 0.6137353069220722 0.39271717831482694 0.02982150631258163 0.05519268451992162
1 0.7265999129299086 0.3574461136512084 0.04179364388332608 0.05519268451992162
0 0.29875925119721375 0.49199869366427174 0.04026991728341314 0.0728282168517309
1 0.12124510230735741 0.4114957544088831 0.033521985198084456 0.052906596995427824
1 0.3733130169786678 0.38634879163945135 0.045276447540269917 0.06792945787067277
0 0.47235524597300826 0.33834095362508165 0.03308663474096648 0.049640757674722404
1 0.5157814540705268 0.31629653821032006 0.014148889856334348 0.03429131286740692
1 0.6421419242490204 0.3099281515349445 0.01697866782760122 0.035271064663618554
1 0.4235959947757945 0.33409536250816463 0.022638223770134958 0.038536903984323974
1 0.25326512842838483 0.2980078380143697 0.018937744884632127 0.028412802090137166
1 0.684697431432303 0.37099934683213587 0.035916412712233343 0.04702808621815807
1 0.5782542446669569 0.42700849118223383 0.031127557683935568 0.053886348791639456
1 0.9138006094906399 0.31417374265186154 0.02089682194166304 0.04114957544088831
1 0.9577710056595559 0.30502939255388634 0.021767522855899 0.042455911169170475
1 0.7813452329124945 0.3481384715871979 0.018937744884632127 0.032658393207054215
1 0.9369830213321724 0.3014369693011104 0.018067043970396168 0.035271064663618554
