1 0.35888671875 0.3342013888888889 0.0634765625 0.1892361111111111
1 0.07470703125 0.3784722222222222 0.0791015625 0.15625
1 0.16748046875 0.2769097222222222 0.0654296875 0.14756944444444445
1 0.3896484375 0.49045138888888884 0.0625 0.14756944444444445
1 0.44189453125 0.35416666666666663 0.0576171875 0.13194444444444445
1 0.6005859375 0.2829861111111111 0.095703125 0.15277777777777776
1 0.23828125 0.3220486111111111 0.037109375 0.11631944444444443
0 0.64111328125 0.4878472222222222 0.1005859375 0.21527777777777776
0 0.7607421875 0.4270833333333333 0.0703125 0.15625
0 0.951171875 0.3342013888888889 0.05078125 0.11979166666666666
0 0.982421875 0.3315972222222222 0.033203125 0.14930555555555555
