1 0.635366 0.915217 0.080488 0.160870
1 0.574390 0.704348 0.060976 0.165217
1 0.640244 0.641304 0.036585 0.117391
1 0.909756 0.686957 0.058537 0.121739
1 0.514634 0.647826 0.053659 0.104348
1 0.645122 0.458696 0.036585 0.073913
1 0.771951 0.410870 0.036585 0.082609
1 0.481707 0.363043 0.036585 0.073913
1 0.353659 0.495652 0.053659 0.078261
1 0.193902 0.458696 0.051220 0.108696
1 0.246341 0.439130 0.039024 0.078261
1 0.110976 0.652174 0.051220 0.113043
1 0.047561 0.441304 0.056098 0.126087
1 0.103659 0.447826 0.051220 0.104348
1 0.384146 0.343478 0.036585 0.086957
1 0.343902 0.228261 0.039024 0.091304
1 0.609756 0.323913 0.043902 0.082609
1 0.762195 0.295652 0.046341 0.086957
1 0.698780 0.315217 0.041463 0.065217
1 0.510976 0.204348 0.031707 0.060870
0 0.419512 0.891304 0.087805 0.156522
0 0.404878 0.621739 0.058537 0.139130
0 0.248780 0.330435 0.024390 0.078261
0 0.241463 0.208696 0.024390 0.060870
0 0.142683 0.339130 0.031707 0.060870
0 0.778049 0.658696 0.073171 0.126087
0 0.658537 0.313043 0.029268 0.095652
