1 0.384765625 0.46527777777777773 0.056640625 0.11805555555555555
1 0.38134765625 0.2595486111111111 0.0791015625 0.07118055555555555
1 0.6455078125 0.673611111111111 0.060546875 0.15625
1 0.578125 0.5295138888888888 0.0390625 0.13194444444444445
1 0.6943359375 0.2612847222222222 0.025390625 0.046875
0 0.26416015625 0.23958333333333331 0.0302734375 0.05555555555555555
0 0.08349609375 0.23697916666666666 0.0205078125 0.03645833333333333
0 0.5078125 0.21614583333333331 0.02734375 0.057291666666666664
0 0.7529296875 0.19791666666666666 0.01953125 0.05555555555555555
0 0.57666015625 0.3958333333333333 0.0380859375 0.0625
1 0.8916015625 0.34027777777777773 0.025390625 0.041666666666666664
0 0.93310546875 0.3680555555555555 0.0380859375 0.06944444444444445
0 0.9384765625 0.4921875 0.02734375 0.09895833333333333
0 0.96484375 0.3602430555555555 0.03125 0.05034722222222222
