1 0.0171875 0.5152777777777778 0.02395833333333333 0.04351851851851852
1 0.07578125 0.8041666666666667 0.022395833333333334 0.036111111111111115
1 0.07421875 0.4939814814814815 0.025520833333333333 0.04166666666666667
1 0.13802083333333334 0.5050925925925926 0.025 0.05277777777777778
0 0.11848958333333333 0.6314814814814815 0.025520833333333333 0.05
0 0.165625 0.7138888888888889 0.020833333333333332 0.044444444444444446
1 0.13411458333333334 0.37453703703703706 0.024479166666666666 0.04722222222222222
1 0.184375 0.3842592592592593 0.0125 0.0462962962962963
0 0.14635416666666667 0.27083333333333337 0.021875 0.04166666666666667
1 0.09166666666666666 0.1537037037037037 0.017708333333333333 0.03888888888888889
1 0.27369791666666665 0.687962962962963 0.028645833333333332 0.05740740740740741
1 0.3390625 0.8976851851851853 0.03229166666666666 0.06018518518518519
1 0.303125 0.6231481481481481 0.026041666666666668 0.053703703703703705
0 0.2984375 0.4828703703703704 0.01875 0.03796296296296296
1 0.2760416666666667 0.41481481481481486 0.020833333333333332 0.044444444444444446
1 0.3723958333333333 0.49074074074074076 0.019791666666666666 0.0462962962962963
1 0.3932291666666667 0.700462962962963 0.028125 0.05462962962962963
1 0.42864583333333334 0.8143518518518519 0.028125 0.06018518518518519
1 0.39765625 0.8013888888888889 0.030729166666666665 0.06018518518518519
1 0.4817708333333333 0.9180555555555556 0.01875 0.04537037037037037
1 0.49244791666666665 0.6578703703703704 0.028645833333333332 0.05648148148148149
1 0.4747395833333333 0.6046296296296296 0.03177083333333333 0.037037037037037035
1 0.4518229166666667 0.45462962962962966 0.025520833333333333 0.0462962962962963
1 0.3598958333333333 0.3740740740740741 0.026041666666666668 0.04259259259259259
1 0.23177083333333334 0.2611111111111111 0.021875 0.03518518518518519
0 0.22083333333333333 0.22083333333333335 0.019791666666666666 0.04166666666666667
0 0.278125 0.27083333333333337 0.022916666666666665 0.04351851851851852
0 0.3138020833333333 0.24537037037037038 0.019270833333333334 0.03888888888888889
1 0.38307291666666665 0.275 0.022395833333333334 0.04259259259259259
1 0.36171875 0.20740740740740743 0.024479166666666666 0.04259259259259259
1 0.27630208333333334 0.08333333333333334 0.0171875 0.03518518518518519
1 0.3140625 0.051388888888888894 0.015625 0.03425925925925926
1 0.33984375 0.16574074074074074 0.019270833333333334 0.031481481481481485
1 0.41562499999999997 0.16018518518518518 0.019791666666666666 0.03333333333333333
1 0.2546875 0.20601851851851852 0.017708333333333333 0.03425925925925926
1 0.43906249999999997 0.3763888888888889 0.025 0.03981481481481482
1 0.47421874999999997 0.31851851851851853 0.021354166666666667 0.0462962962962963
1 0.50703125 0.3675925925925926 0.021354166666666667 0.044444444444444446
1 0.5184895833333333 0.48379629629629634 0.0203125 0.03981481481481482
1 0.6317708333333333 0.8782407407407408 0.03125 0.05648148148148149
1 0.6765625 0.9671296296296297 0.035416666666666666 0.058333333333333334
1 0.6236979166666666 0.5717592592592593 0.0265625 0.04166666666666667
1 0.63125 0.40601851851851856 0.02395833333333333 0.03796296296296296
1 0.5622395833333333 0.38333333333333336 0.024479166666666666 0.0462962962962963
1 0.58125 0.34675925925925927 0.019791666666666666 0.03425925925925926
1 0.58671875 0.2828703703703704 0.019270833333333334 0.036111111111111115
1 0.5299479166666666 0.20601851851851852 0.019270833333333334 0.032407407407407406
1 0.33046875 0.016666666666666666 0.0140625 0.02962962962962963
0 0.4200520833333333 0.047685185185185185 0.013020833333333334 0.028703703703703703
1 0.4505208333333333 0.03194444444444445 0.01875 0.03796296296296296
1 0.51875 0.07685185185185185 0.016666666666666666 0.03518518518518519
1 0.5643229166666667 0.031018518518518518 0.015104166666666667 0.030555555555555558
1 0.6520833333333333 0.1388888888888889 0.019791666666666666 0.037037037037037035
0 0.6744791666666666 0.11342592592592593 0.016666666666666666 0.028703703703703703
1 0.6635416666666667 0.28194444444444444 0.01875 0.032407407407407406
1 0.7002604166666666 0.3939814814814815 0.0203125 0.03796296296296296
1 0.7315104166666666 0.6138888888888889 0.0296875 0.05185185185185186
1 0.7276041666666666 0.44722222222222224 0.022916666666666665 0.044444444444444446
1 0.75078125 0.4935185185185185 0.025520833333333333 0.044444444444444446
1 0.7643229166666666 0.41805555555555557 0.022395833333333334 0.04537037037037037
1 0.7604166666666666 0.587037037037037 0.021875 0.0462962962962963
1 0.7080729166666666 0.07361111111111111 0.0140625 0.030555555555555558
1 0.66953125 0.015740740740740743 0.0171875 0.031481481481481485
1 0.7341145833333333 0.016203703703703703 0.0109375 0.032407407407407406
1 0.7692708333333333 0.03564814814814815 0.013541666666666667 0.032407407407407406
0 0.7705729166666666 0.07777777777777778 0.015104166666666667 0.031481481481481485
0 0.74296875 0.15787037037037038 0.01614583333333333 0.032407407407407406
1 0.81015625 0.2064814814814815 0.0203125 0.040740740740740744
1 0.86484375 0.11435185185185186 0.019270833333333334 0.030555555555555558
0 0.8760416666666666 0.014814814814814815 0.013541666666666667 0.02962962962962963
1 0.9098958333333333 0.11111111111111112 0.01875 0.03333333333333333
1 0.8950520833333333 0.18333333333333335 0.019270833333333334 0.037037037037037035
1 0.8895833333333333 0.2611111111111111 0.020833333333333332 0.040740740740740744
1 0.85703125 0.2916666666666667 0.019270833333333334 0.03888888888888889
1 0.9111979166666666 0.31157407407407406 0.021354166666666667 0.04166666666666667
1 0.9515625 0.25 0.013541666666666667 0.02777777777777778
1 0.9234375 0.3791666666666667 0.022916666666666665 0.04537037037037037
1 0.9557291666666666 0.45787037037037037 0.026041666666666668 0.03981481481481482
1 0.9671875 0.30972222222222223 0.019791666666666666 0.04537037037037037
1 0.8580729166666666 0.07777777777777778 0.013020833333333334 0.02777777777777778
1 0.9885416666666667 0.6787037037037037 0.021875 0.053703703703703705
1 0.9877604166666667 0.5861111111111111 0.0234375 0.0462962962962963
1 0.9395833333333333 0.5106481481481482 0.020833333333333332 0.036111111111111115
