1 0.47866666666666663 0.277 0.076 0.122
1 0.08533333333333333 0.452 0.044 0.066
1 0.16 0.509 0.03733333333333333 0.048
1 0.30466666666666664 0.5215 0.030666666666666665 0.049
1 0.23199999999999998 0.537 0.021333333333333333 0.044
1 0.2653333333333333 0.5675 0.025333333333333333 0.041
1 0.6353333333333333 0.5365 0.028 0.043000000000000003
0 0.6233333333333333 0.6595 0.02 0.039
1 0.772 0.41350000000000003 0.03733333333333333 0.075
1 0.8476666666666667 0.436 0.035333333333333335 0.07200000000000001
1 0.9246666666666666 0.3055 0.06 0.125
