1 0.1284375 0.208955223880597 0.038125 0.06902985074626866
1 0.245625 0.22294776119402984 0.051250000000000004 0.07462686567164178
1 0.339375 0.24300373134328357 0.04 0.05690298507462686
1 0.431875 0.1259328358208955 0.058750000000000004 0.09701492537313433
1 0.4871875 0.17210820895522388 0.031875 0.04757462686567164
1 0.560625 0.18050373134328357 0.04875 0.07555970149253731
1 0.630625 0.37173507462686567 0.04625 0.07369402985074627
1 0.685 0.15391791044776118 0.05 0.07649253731343283
1 0.7696875 0.21175373134328357 0.048125 0.07835820895522388
1 0.8371875 0.23087686567164178 0.030625 0.05503731343283582
1 0.87875 0.2318097014925373 0.0425 0.06063432835820896
1 0.90375 0.18236940298507462 0.025 0.041977611940298504
1 0.97375 0.15671641791044777 0.051250000000000004 0.08208955223880597
