1 0.06375 0.7126865671641791 0.045 0.07462686567164178
1 0.050937500000000004 0.40205223880597013 0.021875000000000002 0.055970149253731345
1 0.13468750000000002 0.3903917910447761 0.033125 0.05503731343283582
0 0.0540625 0.5032649253731343 0.025625000000000002 0.0625
0 0.0228125 0.5289179104477612 0.021875000000000002 0.07276119402985075
1 0.3 0.26119402985074625 0.0575 0.08582089552238806
1 0.374375 0.27658582089552236 0.051250000000000004 0.07742537313432836
1 0.4875 0.29850746268656714 0.0575 0.09514925373134328
1 0.6428125 0.3125 0.046875 0.08208955223880597
1 0.754375 0.2873134328358209 0.05625 0.0914179104477612
1 0.9740625 0.38199626865671643 0.035625000000000004 0.05317164179104478
0 0.9746875 0.5018656716417911 0.036875 0.07276119402985075
