1 0.17315573770491804 0.28960817717206133 0.034836065573770496 0.09540034071550256
1 0.3493852459016394 0.37649063032367974 0.05122950819672131 0.08517887563884156
1 0.5281762295081968 0.36541737649063033 0.054303278688524595 0.09369676320272573
1 0.7556352459016393 0.3415672913117547 0.054303278688524595 0.09369676320272573
1 0.8668032786885246 0.348381601362862 0.026639344262295084 0.1141396933560477
0 0.6828893442622951 0.31771720613287907 0.017418032786885248 0.03577512776831346
0 0.5952868852459017 0.3901192504258944 0.01639344262295082 0.034071550255536626
0 0.5952868852459017 0.32623509369676323 0.01639344262295082 0.03236797274275979
1 0.6608606557377049 0.32282793867120957 0.010245901639344263 0.02555366269165247
1 0.7059426229508197 0.3074957410562181 0.012295081967213115 0.02555366269165247
