1 0.5418326693227091 0.5822122571001495 0.099601593625498 0.15097159940209268
1 0.029880478087649404 0.4431988041853513 0.0199203187250996 0.034379671150971604
1 0.12599601593625498 0.476831091180867 0.00896414342629482 0.03288490284005979
1 0.23754980079681273 0.4693572496263079 0.01294820717131474 0.029895366218236175
1 0.2699203187250996 0.45739910313901344 0.021912350597609563 0.03288490284005979
1 0.375 0.476831091180867 0.014940239043824702 0.03587443946188341
0 0.34611553784860555 0.44768310911808673 0.022908366533864542 0.03736920777279522
1 0.4307768924302789 0.4491778774289985 0.01693227091633466 0.03736920777279522
1 0.4910358565737052 0.45590433482810166 0.0199203187250996 0.03886397608370703
1 0.651394422310757 0.46562032884902843 0.01593625498007968 0.03736920777279522
1 0.6932270916334661 0.4491778774289985 0.0099601593625498 0.03139013452914798
1 0.7350597609561753 0.4760837070254111 0.013944223107569721 0.03139013452914798
1 0.8700199203187251 0.3325859491778774 0.01693227091633466 0.022421524663677132
1 0.9362549800796812 0.45440956651718983 0.00796812749003984 0.026905829596412557
0 0.8849601593625498 0.45067264573991034 0.01693227091633466 0.034379671150971604
1 0.8874501992031872 0.3961136023916293 0.01593625498007968 0.026905829596412557
