1 0.0909090909090909 0.7516469038208169 0.07905138339920947 0.10408432147562582
1 0.3601778656126482 0.6725955204216074 0.07806324110671936 0.10671936758893281
1 0.5508893280632411 0.6837944664031621 0.06620553359683794 0.11067193675889328
1 0.9293478260869564 0.7779973649538867 0.11363636363636363 0.11462450592885376
1 0.9550395256916996 0.5184453227931489 0.028656126482213436 0.038208168642951255
1 0.6413043478260869 0.530961791831357 0.01383399209486166 0.028985507246376812
1 0.5760869565217391 0.5164690382081687 0.011857707509881422 0.021080368906455864
1 0.391798418972332 0.5289855072463768 0.014822134387351778 0.02503293807641634
0 0.2875494071146245 0.5368906455862977 0.017786561264822132 0.02503293807641634
1 0.7514822134387351 0.616600790513834 0.01284584980237154 0.02635046113306983
