0 0.1315714285714286 0.9119850187265918 0.046000000000000006 0.06835205992509363
0 0.029285714285714286 0.6781367041198502 0.040285714285714286 0.06413857677902622
0 0.15042857142857144 0.68562734082397 0.038571428571428576 0.06601123595505617
0 0.04314285714285715 0.5751404494382023 0.03371428571428572 0.05852059925093633
0 0.16414285714285715 0.5341760299625469 0.04314285714285715 0.06460674157303371
0 0.05742857142857143 0.43820224719101125 0.036000000000000004 0.0599250936329588
0 0.16314285714285715 0.4417134831460674 0.03485714285714286 0.04073033707865169
0 0.20214285714285715 0.3862359550561798 0.034 0.05149812734082397
0 0.06457142857142857 0.2897940074906367 0.03257142857142857 0.052434456928838954
0 0.09742857142857143 0.24133895131086142 0.026285714285714287 0.04073033707865169
0 0.21071428571428574 0.25959737827715357 0.03514285714285714 0.05758426966292135
0 0.11857142857142858 0.11657303370786518 0.032 0.047752808988764044
0 0.2082857142857143 0.13249063670411984 0.03314285714285715 0.0552434456928839
0 0.2275714285714286 0.06601123595505617 0.030571428571428572 0.04681647940074907
0 0.39542857142857146 0.12429775280898876 0.017714285714285717 0.041666666666666664
1 0.4705714285714286 0.10908239700374532 0.020571428571428574 0.04400749063670412
1 0.5167142857142858 0.09667602996254682 0.022571428571428572 0.04260299625468165
0 0.454 0.14349250936329588 0.028571428571428574 0.04447565543071161
0 0.45757142857142863 0.20201310861423222 0.026571428571428572 0.04447565543071161
1 0.4375714285714286 0.3017322097378277 0.029428571428571432 0.041666666666666664
0 0.47371428571428575 0.35159176029962547 0.020571428571428574 0.047752808988764044
0 0.45328571428571435 0.40308988764044945 0.022000000000000002 0.047752808988764044
0 0.4558571428571429 0.4906367041198502 0.031142857142857146 0.05337078651685393
0 0.43200000000000005 0.5838014981273408 0.037714285714285714 0.054307116104868915
0 0.4665714285714286 0.6582397003745318 0.03257142857142857 0.0449438202247191
0 0.4754285714285715 0.8408239700374532 0.03428571428571429 0.03932584269662921
0 0.49171428571428577 0.9337546816479401 0.04171428571428572 0.06601123595505617
0 0.46157142857142863 0.9176029962546817 0.015714285714285715 0.04681647940074907
1 0.5224285714285715 0.44545880149812733 0.031142857142857146 0.050093632958801496
0 0.5528571428571429 0.4868913857677903 0.035428571428571434 0.060861423220973786
0 0.5614285714285715 0.3916198501872659 0.03371428571428572 0.05290262172284644
0 0.534 0.3857677902621723 0.025142857142857144 0.047752808988764044
0 0.5252857142857144 0.20833333333333334 0.01742857142857143 0.03932584269662921
0 0.5457142857142857 0.23103932584269662 0.028571428571428574 0.048220973782771535
0 0.5810000000000001 0.10955056179775281 0.026571428571428572 0.04681647940074907
0 0.5882857142857143 0.2511704119850187 0.029142857142857144 0.046348314606741575
0 0.636 0.24133895131086142 0.024571428571428574 0.039794007490636704
0 0.638 0.3485486891385768 0.03371428571428572 0.050093632958801496
0 0.6157142857142858 0.526685393258427 0.029142857142857144 0.038389513108614236
0 0.5618571428571429 0.6720505617977528 0.027714285714285716 0.05664794007490637
0 0.5982857142857143 0.7223782771535581 0.036000000000000004 0.0599250936329588
0 0.6425714285714286 0.7193352059925093 0.03371428571428572 0.05758426966292135
0 0.6491428571428572 0.5510299625468165 0.03371428571428572 0.05898876404494382
0 0.6382857142857143 0.9442883895131087 0.029142857142857144 0.060861423220973786
0 0.6175714285714287 0.15402621722846443 0.027714285714285716 0.040262172284644196
0 0.6572857142857144 0.12476591760299625 0.019142857142857145 0.037921348314606744
0 0.6478571428571429 0.07139513108614232 0.02428571428571429 0.03136704119850187
0 0.7142857142857143 0.09831460674157304 0.021714285714285717 0.03464419475655431
0 0.6894285714285715 0.13132022471910113 0.025142857142857144 0.03136704119850187
0 0.7188571428571429 0.17485955056179775 0.028571428571428574 0.037921348314606744
0 0.7057142857142857 0.27668539325842695 0.03371428571428572 0.04400749063670412
0 0.7288571428571429 0.2551498127340824 0.012571428571428572 0.04588014981273408
0 0.7000000000000001 0.37476591760299627 0.03314285714285715 0.041666666666666664
0 0.7300000000000001 0.4225187265917603 0.03314285714285715 0.05196629213483146
0 0.7548571428571429 0.4297752808988764 0.016571428571428574 0.042134831460674156
0 0.7422857142857143 0.5320692883895131 0.03371428571428572 0.05102996254681648
0 0.7345714285714287 0.6708801498127341 0.037142857142857144 0.04400749063670412
0 0.7685714285714287 0.8057116104868914 0.036000000000000004 0.054307116104868915
0 0.7851428571428573 0.877808988764045 0.02285714285714286 0.03464419475655431
0 0.8018571428571429 0.9716760299625469 0.03457142857142857 0.05571161048689138
0 0.7591428571428572 0.10135767790262172 0.017142857142857144 0.02855805243445693
