0 0.046739 0.456597 0.023913 0.065972
0 0.184783 0.406250 0.026087 0.069444
0 0.029348 0.376736 0.028261 0.052083
0 0.091304 0.406250 0.026087 0.055556
0 0.138043 0.355903 0.028261 0.052083
0 0.226087 0.362847 0.017391 0.052083
0 0.310870 0.368056 0.030435 0.062500
0 0.371739 0.376736 0.026087 0.052083
0 0.410870 0.418403 0.021739 0.052083
0 0.457609 0.399306 0.028261 0.048611
0 0.510870 0.399306 0.026087 0.055556
0 0.558696 0.404514 0.021739 0.045139
0 0.275000 0.395833 0.028261 0.069444
0 0.613043 0.380208 0.026087 0.045139
0 0.690217 0.347222 0.023913 0.048611
0 0.488043 0.366319 0.019565 0.059028
0 0.731522 0.381944 0.019565 0.055556
0 0.639130 0.355903 0.021739 0.059028
0 0.769565 0.402778 0.026087 0.055556
0 0.841304 0.388889 0.021739 0.041667
0 0.769565 0.347222 0.017391 0.034722
0 0.866304 0.387153 0.015217 0.038194
0 0.943478 0.388889 0.021739 0.041667
0 0.983696 0.355903 0.019565 0.038194
0 0.922826 0.368056 0.015217 0.034722
