1 0.08866666666666666 0.44994994994994997 0.096 0.12512512512512514
1 0.17033333333333334 0.35235235235235235 0.08466666666666667 0.12412412412412413
1 0.21433333333333332 0.27877877877877877 0.07133333333333333 0.13913913913913914
1 0.39799999999999996 0.33733733733733734 0.088 0.13013013013013014
1 0.48666666666666664 0.27177177177177175 0.07333333333333333 0.12912912912912913
1 0.629 0.3048048048048048 0.062 0.10710710710710711
1 0.7056666666666667 0.2972972972972973 0.078 0.13213213213213212
1 0.852 0.17617617617617617 0.044 0.10010010010010009
1 0.9663333333333333 0.1871871871871872 0.04733333333333333 0.08808808808808809
0 0.535 0.943943943943944 0.078 0.11011011011011011
