1 0.08506944444444445 0.2681818181818182 0.043750000000000004 0.08636363636363636
1 0.16597222222222222 0.31534090909090906 0.04861111111111111 0.07386363636363635
1 0.3003472222222222 0.23409090909090907 0.02847222222222222 0.05454545454545454
1 0.3545138888888889 0.29659090909090907 0.04652777777777778 0.09772727272727272
1 0.37118055555555557 0.23693181818181816 0.03125 0.060227272727272727
1 0.40694444444444444 0.2784090909090909 0.04027777777777778 0.07727272727272727
1 0.4534722222222222 0.47613636363636364 0.04861111111111111 0.08409090909090909
1 0.434375 0.2551136363636364 0.014583333333333334 0.060227272727272727
1 0.47847222222222224 0.27443181818181817 0.02777777777777778 0.060227272727272727
1 0.5263888888888889 0.2681818181818182 0.030555555555555558 0.06818181818181818
1 0.5593750000000001 0.27499999999999997 0.04236111111111111 0.07954545454545454
1 0.6125 0.3045454545454545 0.03888888888888889 0.0659090909090909
1 0.6503472222222223 0.3318181818181818 0.03819444444444445 0.07727272727272727
1 0.7135416666666667 0.3534090909090909 0.05347222222222223 0.08409090909090909
1 0.7201388888888889 0.2159090909090909 0.022222222222222223 0.056818181818181816
1 0.76875 0.25738636363636364 0.036111111111111115 0.0715909090909091
0 0.8079861111111112 0.25795454545454544 0.035416666666666666 0.06136363636363636
1 0.8395833333333333 0.24829545454545454 0.019444444444444445 0.046590909090909086
1 0.8819444444444445 0.23863636363636362 0.04166666666666667 0.06818181818181818
1 0.9395833333333333 0.2568181818181818 0.04722222222222222 0.075
