1 0.08333333333333334 0.26477272727272727 0.04722222222222222 0.09090909090909091
1 0.16597222222222222 0.31477272727272726 0.04722222222222222 0.08409090909090909
1 0.35347222222222224 0.29829545454545453 0.04861111111111111 0.09204545454545454
1 0.30069444444444443 0.2346590909090909 0.029166666666666667 0.060227272727272727
1 0.3701388888888889 0.2323863636363636 0.029166666666666667 0.046590909090909086
1 0.40625 0.2784090909090909 0.043055555555555555 0.0659090909090909
1 0.4329861111111111 0.25170454545454546 0.01875 0.05568181818181818
1 0.45555555555555555 0.4755681818181818 0.04722222222222222 0.0875
1 0.47881944444444446 0.2721590909090909 0.03125 0.05795454545454545
1 0.5267361111111112 0.2659090909090909 0.029861111111111113 0.0659090909090909
1 0.560763888888889 0.2784090909090909 0.043750000000000004 0.07954545454545454
1 0.6138888888888889 0.30568181818181817 0.03888888888888889 0.07272727272727272
1 0.6520833333333333 0.33125 0.04722222222222222 0.08977272727272727
1 0.7135416666666667 0.35511363636363635 0.05486111111111111 0.09886363636363636
1 0.71875 0.2125 0.029166666666666667 0.07045454545454545
1 0.7684027777777778 0.25795454545454544 0.04236111111111111 0.07272727272727272
0 0.8090277777777778 0.25738636363636364 0.03888888888888889 0.05795454545454545
1 0.882638888888889 0.2375 0.04166666666666667 0.07045454545454545
1 0.9388888888888889 0.2556818181818182 0.04722222222222222 0.08181818181818182
1 0.8402777777777778 0.2539772727272727 0.02361111111111111 0.046590909090909086
