1 0.040625 0.8823863636363636 0.06736111111111111 0.11477272727272726
1 0.125 0.7846590909090909 0.06527777777777778 0.11022727272727272
1 0.1670138888888889 0.7147727272727272 0.050694444444444445 0.09545454545454544
0 0.09444444444444444 0.4778409090909091 0.044444444444444446 0.0715909090909091
1 0.08333333333333334 0.3534090909090909 0.03888888888888889 0.08863636363636364
1 0.025 0.31875 0.036111111111111115 0.07386363636363635
0 0.08055555555555556 0.045454545454545456 0.04861111111111111 0.07954545454545454
1 0.296875 0.07329545454545454 0.05347222222222223 0.08295454545454545
1 0.2586805555555556 0.26875 0.05347222222222223 0.0715909090909091
1 0.2635416666666667 0.4965909090909091 0.04652777777777778 0.09090909090909091
1 0.3736111111111111 0.9272727272727272 0.07083333333333333 0.10454545454545454
1 0.5177083333333333 0.7471590909090908 0.06458333333333334 0.08068181818181817
1 0.5649305555555556 0.825 0.07152777777777779 0.10227272727272727
1 0.496875 0.4295454545454545 0.05763888888888889 0.09090909090909091
1 0.4826388888888889 0.2761363636363636 0.0625 0.08636363636363636
1 0.48958333333333337 0.14829545454545454 0.05694444444444444 0.07386363636363635
1 0.6402777777777778 0.4920454545454545 0.04861111111111111 0.08181818181818182
1 0.6597222222222222 0.2715909090909091 0.05277777777777778 0.09090909090909091
1 0.7468750000000001 0.26761363636363633 0.05763888888888889 0.09431818181818181
1 0.9326388888888889 0.6431818181818182 0.06944444444444445 0.075
1 0.8923611111111112 0.34602272727272726 0.061111111111111116 0.08295454545454545
1 0.821875 0.2011363636363636 0.04652777777777778 0.07272727272727272
1 0.8197916666666667 0.08863636363636364 0.04513888888888889 0.06363636363636363
