1 0.03227272727272727 0.17672413793103448 0.024545454545454544 0.06379310344827586
1 0.08318181818181818 0.10948275862068965 0.026363636363636363 0.06034482758620689
1 0.11636363636363636 0.20344827586206896 0.02727272727272727 0.05517241379310345
1 0.20227272727272727 0.18362068965517242 0.03363636363636364 0.07413793103448275
1 0.26681818181818184 0.21379310344827585 0.053636363636363635 0.08275862068965517
1 0.3109090909090909 0.11982758620689656 0.02909090909090909 0.07413793103448275
1 0.3654545454545455 0.11896551724137931 0.023636363636363636 0.05862068965517241
1 0.5236363636363637 0.20603448275862069 0.04 0.08793103448275862
1 0.6022727272727273 0.175 0.03727272727272727 0.09482758620689655
1 0.7145454545454546 0.17586206896551723 0.05454545454545454 0.11379310344827587
1 0.8040909090909091 0.19224137931034482 0.046363636363636364 0.10172413793103448
1 0.894090909090909 0.1586206896551724 0.03727272727272727 0.06551724137931034
0 0.9077272727272727 0.45517241379310347 0.028181818181818183 0.07241379310344828
