1 0.2675024422012374 0.23885350318471335 0.04395962227287529 0.08975101331789229
1 0.4001953760989906 0.22437753329473073 0.04884402474763921 0.08975101331789229
1 0.7885053728427223 0.13752171395483495 0.05047215890589385 0.09554140127388534
1 0.8861934223380007 0.15257672264041688 0.0081406707912732 0.02605674580196873
0 0.6878866818625855 0.1459177764910249 0.004233148811462065 0.012738853503184712
1 0.6097362422663628 0.15547191661841342 0.006186909801367633 0.012159814707585407
1 0.5170954086616738 0.16994788650839604 0.004558775643112993 0.011001737116386797
1 0.5398892868772387 0.16444701795020264 0.004558775643112993 0.008106543138390272
1 0.5436339954412244 0.16444701795020264 0.004233148811462065 0.010422698320787491
1 0.5644741126668837 0.15807759119861028 0.004884402474763921 0.008106543138390272
1 0.5744057310322371 0.16270990156340473 0.004558775643112993 0.008106543138390272
