1 0.1875 0.2951219512195122 0.05333333333333334 0.07560975609756097
1 0.40208333333333335 0.26707317073170733 0.06583333333333334 0.1024390243902439
1 0.5720833333333334 0.26402439024390245 0.05583333333333334 0.08658536585365853
0 0.7516666666666667 0.2658536585365854 0.05333333333333334 0.07317073170731707
0 0.9508333333333334 0.28841463414634144 0.05166666666666667 0.06951219512195123
0 0.9650000000000001 0.08597560975609755 0.03333333333333333 0.045121951219512194
0 0.6345833333333334 0.04085365853658537 0.0175 0.04024390243902439
0 0.5720833333333334 0.05304878048780488 0.014166666666666668 0.03048780487804878
0 0.8187500000000001 0.12439024390243902 0.0125 0.026829268292682926
0 0.7441666666666668 0.12317073170731707 0.015000000000000001 0.02195121951219512
0 0.7066666666666667 0.1152439024390244 0.015000000000000001 0.023170731707317073
1 0.43625 0.1 0.0175 0.029268292682926828
0 0.36750000000000005 0.11890243902439024 0.015000000000000001 0.020731707317073172
0 0.21333333333333335 0.09878048780487805 0.016666666666666666 0.024390243902439025
0 0.15208333333333335 0.10182926829268292 0.01916666666666667 0.032926829268292684
0 0.06833333333333334 0.09451219512195122 0.013333333333333334 0.03048780487804878
0 0.0125 0.09146341463414634 0.02 0.026829268292682926
