1 0.11840277777777779 0.6130208333333333 0.07013888888888889 0.084375
1 0.24618055555555557 0.5609375 0.05763888888888889 0.09270833333333334
1 0.3809027777777778 0.8244791666666667 0.07291666666666667 0.10104166666666667
1 0.31180555555555556 0.5375 0.04722222222222222 0.07291666666666667
1 0.35625 0.4171875 0.04166666666666667 0.065625
0 0.2673611111111111 0.36666666666666664 0.03333333333333333 0.05416666666666667
1 0.16006944444444446 0.43906249999999997 0.035416666666666666 0.06770833333333333
1 0.14965277777777777 0.3619791666666667 0.02291666666666667 0.04479166666666667
1 0.209375 0.31875 0.02291666666666667 0.0375
1 0.46944444444444444 0.471875 0.06527777777777778 0.08958333333333333
1 0.5302083333333334 0.39166666666666666 0.04097222222222222 0.07083333333333333
1 0.7663194444444444 0.46197916666666666 0.08125 0.109375
1 0.9298611111111111 0.5317708333333333 0.0375 0.084375
1 0.6239583333333334 0.3567708333333333 0.02291666666666667 0.06770833333333333
1 0.5576388888888889 0.2598958333333333 0.036111111111111115 0.059375
1 0.4621527777777778 0.22916666666666666 0.02847222222222222 0.04791666666666666
1 0.31180555555555556 0.2578125 0.02361111111111111 0.051041666666666666
1 0.09305555555555556 0.3385416666666667 0.022222222222222223 0.058333333333333334
1 0.07326388888888889 0.28229166666666666 0.02013888888888889 0.04375
1 0.15104166666666669 0.24895833333333334 0.029861111111111113 0.05416666666666667
1 0.225 0.21354166666666666 0.020833333333333336 0.03333333333333333
