1 0.11909722222222223 0.6114583333333333 0.07013888888888889 0.08541666666666667
1 0.24583333333333335 0.5614583333333333 0.061111111111111116 0.07916666666666666
1 0.31180555555555556 0.5333333333333333 0.04722222222222222 0.07291666666666667
1 0.3805555555555556 0.8229166666666666 0.075 0.1
1 0.47187500000000004 0.47239583333333335 0.06458333333333334 0.08645833333333333
1 0.7663194444444444 0.4614583333333333 0.07986111111111112 0.10833333333333334
1 0.93125 0.5317708333333333 0.03888888888888889 0.07395833333333333
1 0.529513888888889 0.39166666666666666 0.03680555555555556 0.075
1 0.6222222222222222 0.3546875 0.025 0.06354166666666666
1 0.5593750000000001 0.2604166666666667 0.035416666666666666 0.05625
1 0.46145833333333336 0.22864583333333333 0.025694444444444447 0.046875
1 0.16041666666666668 0.4421875 0.03333333333333333 0.065625
0 0.26944444444444443 0.3677083333333333 0.036111111111111115 0.04791666666666666
1 0.1482638888888889 0.3614583333333333 0.025694444444444447 0.03958333333333333
1 0.3545138888888889 0.4171875 0.04236111111111111 0.057291666666666664
1 0.3107638888888889 0.2583333333333333 0.021527777777777778 0.04375
1 0.15034722222222222 0.2515625 0.025694444444444447 0.042708333333333334
1 0.20868055555555556 0.3203125 0.024305555555555556 0.036458333333333336
1 0.09444444444444444 0.3416666666666667 0.022222222222222223 0.03958333333333333
1 0.07569444444444445 0.28229166666666666 0.018055555555555557 0.03125
1 0.22291666666666668 0.21302083333333333 0.020833333333333336 0.030208333333333334
