1 0.19384765625 0.44791666666666663 0.0791015625 0.14583333333333331
0 0.39013671875 0.6128472222222222 0.1416015625 0.2951388888888889
1 0.09033203125 0.34027777777777773 0.0615234375 0.11805555555555555
0 0.16455078125 0.17795138888888887 0.0458984375 0.10243055555555555
0 0.22021484375 0.3289930555555555 0.0537109375 0.09201388888888888
1 0.28076171875 0.26041666666666663 0.0517578125 0.0798611111111111
1 0.34814453125 0.2378472222222222 0.0615234375 0.08680555555555555
1 0.42578125 0.28559027777777773 0.048828125 0.08159722222222222
1 0.4716796875 0.35590277777777773 0.05859375 0.10763888888888888
1 0.54541015625 0.3671875 0.0673828125 0.08506944444444443
0 0.46240234375 0.17100694444444445 0.0361328125 0.07118055555555555
1 0.37939453125 0.09635416666666666 0.0224609375 0.043402777777777776
1 0.46484375 0.07899305555555555 0.0234375 0.043402777777777776
1 0.6748046875 0.45572916666666663 0.091796875 0.15451388888888887
1 0.12939453125 0.20138888888888887 0.0361328125 0.08333333333333333
1 0.2646484375 0.1814236111111111 0.044921875 0.06770833333333333
1 0.5751953125 0.05555555555555555 0.015625 0.03125
1 0.796875 0.9027777777777777 0.068359375 0.1909722222222222
1 0.83935546875 0.540798611111111 0.0869140625 0.171875
1 0.82470703125 0.28559027777777773 0.0673828125 0.10243055555555555
1 0.81640625 0.42447916666666663 0.037109375 0.09201388888888888
1 0.77685546875 0.20833333333333331 0.0439453125 0.10069444444444443
1 0.86865234375 0.17274305555555555 0.0341796875 0.06770833333333333
