0 0.037525354969574036 0.2288496652465003 0.04178498985801217 0.07668898356664638
1 0.09695740365111562 0.28210590383444917 0.06896551724137931 0.1320754716981132
1 0.15780933062880326 0.27571515520389533 0.028397565922920892 0.0426049908703591
1 0.30324543610547666 0.23371880706025563 0.05557809330628803 0.09616555082166768
1 0.34969574036511153 0.26932440657334145 0.03407707910750507 0.07121119902617164
1 0.5314401622718052 0.29214850882531956 0.03894523326572008 0.07060255629945222
0 0.5815415821501014 0.24497869750456483 0.03691683569979716 0.07242848447961046
1 0.6265720081135903 0.315581253804017 0.043407707910750506 0.07242848447961046
1 0.7906693711967545 0.34205721241631165 0.05354969574036511 0.09007912355447352
0 0.3991886409736308 0.3563603164942179 0.026774847870182555 0.03834449178332319
1 0.9442190669371197 0.23006695069993913 0.019066937119675456 0.03286670724284845
1 0.704868154158215 0.23797930614729154 0.023123732251521298 0.04382227632379793
