1 0.198046875 0.07777777777777778 0.01015625 0.022222222222222223
1 0.216796875 0.08055555555555556 0.01171875 0.02777777777777778
1 0.255859375 0.07222222222222223 0.013281250000000001 0.030555555555555558
1 0.323828125 0.05416666666666667 0.025781250000000002 0.058333333333333334
1 0.30195312500000004 0.14166666666666666 0.030468750000000003 0.036111111111111115
1 0.14921875 0.09305555555555556 0.028125 0.061111111111111116
1 0.451953125 0.11597222222222223 0.017968750000000002 0.0625
1 0.5027343750000001 0.13125 0.03828125 0.08472222222222223
1 0.59375 0.19652777777777777 0.0140625 0.02361111111111111
1 0.6957031250000001 0.12430555555555556 0.039843750000000004 0.0763888888888889
1 0.8753906250000001 0.14444444444444446 0.03671875 0.09444444444444444
