1 0.23018867924528302 0.3384321223709369 0.05660377358490566 0.10707456978967494
1 0.3018867924528302 0.25621414913957935 0.07547169811320754 0.1453154875717017
1 0.4070754716981132 0.36233269598470363 0.0669811320754717 0.14722753346080306
1 0.35377358490566035 0.6663479923518164 0.062264150943396226 0.1395793499043977
1 0.4679245283018868 0.23135755258126195 0.04716981132075472 0.12237093690248566
1 0.5325471698113208 0.19598470363288717 0.048113207547169815 0.11663479923518164
1 0.480188679245283 0.8738049713193117 0.06415094339622641 0.1338432122370937
1 0.7344339622641509 0.24952198852772467 0.07641509433962264 0.16634799235181644
1 0.904245283018868 0.07074569789674952 0.07452830188679245 0.14149139579349904
1 0.9693396226415094 0.1147227533460803 0.059433962264150944 0.1644359464627151
