1 0.200673 0.435130 0.053812 0.135729
1 0.359305 0.334331 0.050448 0.105788
1 0.490471 0.357285 0.043722 0.103792
1 0.631726 0.253493 0.034753 0.095808
1 0.526906 0.235529 0.035874 0.075848
1 0.402466 0.178643 0.022422 0.061876
1 0.482623 0.222555 0.036996 0.069860
1 0.049888 0.424152 0.063901 0.097804
1 0.064462 0.286427 0.034753 0.065868
1 0.014013 0.281437 0.025785 0.071856
1 0.051570 0.124750 0.022422 0.061876
1 0.095291 0.124750 0.020179 0.049900
1 0.131166 0.151697 0.026906 0.051896
1 0.173767 0.173653 0.038117 0.067864
1 0.207399 0.123752 0.038117 0.059880
1 0.264574 0.137725 0.029148 0.055888
1 0.211883 0.191617 0.024664 0.067864
1 0.231502 0.241517 0.028027 0.071856
0 0.262892 0.268463 0.030269 0.089820
1 0.735987 0.505988 0.048206 0.125749
1 0.359305 0.515968 0.077354 0.141717
1 0.756726 0.292415 0.042601 0.109780
1 0.809978 0.223553 0.025785 0.075848
1 0.977018 0.146707 0.023543 0.077844
1 0.680493 0.189621 0.029148 0.063872
1 0.548206 0.116766 0.022422 0.049900
1 0.494395 0.106786 0.013453 0.053892
1 0.646300 0.128743 0.021300 0.081836
0 0.597534 0.146707 0.020179 0.049900
