0 0.10791015625 0.08638360175695461 0.0400390625 0.06442166910688141
0 0.17578125 0.21449487554904834 0.046875 0.06588579795021962
0 0.16650390625 0.3718887262079063 0.0517578125 0.07906295754026355
1 0.1357421875 0.5483162518301611 0.05078125 0.07174231332357248
0 0.470703125 0.15080527086383602 0.041015625 0.06734992679355783
1 0.42822265625 0.30453879941434847 0.0498046875 0.06734992679355783
1 0.4677734375 0.40043923865300146 0.046875 0.06588579795021962
1 0.4443359375 0.5768667642752563 0.052734375 0.07906295754026355
1 0.73974609375 0.06076134699853587 0.0439453125 0.0629575402635432
1 0.8193359375 0.16325036603221083 0.05078125 0.06588579795021962
0 0.8056640625 0.28843338213762815 0.04296875 0.0527086383601757
0 0.7021484375 0.4253294289897511 0.046875 0.07174231332357248
1 0.7919921875 0.6237188872620791 0.048828125 0.043923865300146414
