0 0.04806629834254143 0.03808353808353808 0.0570902394106814 0.07125307125307125
1 0.04806629834254143 0.34742014742014743 0.05340699815837937 0.0914004914004914
1 0.2430939226519337 0.26388206388206387 0.06187845303867403 0.08058968058968059
1 0.28250460405156536 0.0660933660933661 0.06335174953959484 0.09189189189189188
0 0.06151012891344383 0.4714987714987715 0.05009208103130755 0.08501228501228501
1 0.022099447513812154 0.8803439803439803 0.041988950276243095 0.12923832923832923
1 0.09484346224677716 0.782063882063882 0.0703499079189687 0.11646191646191646
1 0.1434622467771639 0.7127764127764128 0.0570902394106814 0.10761670761670761
1 0.24825046040515653 0.4891891891891892 0.055248618784530384 0.09385749385749385
1 0.49244935543278084 0.13636363636363635 0.06187845303867403 0.07616707616707616
1 0.4850828729281768 0.26707616707616705 0.06703499079189687 0.09189189189189188
1 0.5027624309392265 0.42113022113022114 0.06187845303867403 0.0914004914004914
1 0.36629834254143645 0.9226044226044225 0.0703499079189687 0.11154791154791155
1 0.521731123388582 0.7474201474201474 0.0703499079189687 0.0914004914004914
1 0.5762430939226519 0.8223587223587223 0.07550644567219153 0.11154791154791155
1 0.6607734806629834 0.48476658476658474 0.053775322283609574 0.08501228501228501
1 0.6817679558011049 0.26388206388206387 0.06187845303867403 0.08943488943488943
1 0.7764272559852671 0.2582309582309582 0.06040515653775322 0.10073710073710074
1 0.8558011049723757 0.08058968058968059 0.045303867403314914 0.07174447174447174
1 0.9355432780847145 0.3385749385749386 0.06703499079189687 0.08255528255528255
1 0.9664825046040515 0.638083538083538 0.06187845303867403 0.08697788697788697
