1 0.106 0.23689516129032256 0.112 0.17943548387096775
0 0.23533333333333334 0.11844758064516128 0.06666666666666667 0.08366935483870967
1 0.35433333333333333 0.2066532258064516 0.04466666666666667 0.08870967741935484
1 0.4126666666666666 0.3442540322580645 0.08133333333333333 0.12600806451612903
1 0.256 0.7484879032258064 0.208 0.30544354838709675
1 0.5593333333333333 0.6854838709677419 0.19466666666666665 0.30443548387096775
1 0.6183333333333333 0.39818548387096775 0.09666666666666666 0.16330645161290322
1 0.4983333333333333 0.24949596774193547 0.06999999999999999 0.11391129032258064
0 0.8303333333333333 0.23941532258064516 0.08333333333333333 0.1280241935483871
1 0.945 0.14012096774193547 0.09 0.11088709677419355
1 0.956 0.2872983870967742 0.08133333333333333 0.14314516129032256
1 0.7886666666666666 0.5544354838709677 0.11333333333333333 0.18346774193548387
