0 0.04345703125 0.7203513909224012 0.0205078125 0.06149341142020498
1 0.095703125 0.7284040995607614 0.04296875 0.07174231332357248
1 0.17431640625 0.6969253294289898 0.0185546875 0.043923865300146414
1 0.259765625 0.752562225475842 0.0390625 0.06149341142020498
0 0.3251953125 0.5666178623718887 0.0234375 0.04685212298682284
1 0.35302734375 0.582723279648609 0.0361328125 0.04685212298682284
0 0.39599609375 0.595900439238653 0.0302734375 0.040995607613469986
0 0.36767578125 0.664714494875549 0.0322265625 0.0527086383601757
1 0.32177734375 0.6991215226939971 0.0361328125 0.05124450951683748
1 0.41357421875 0.6749633967789166 0.0361328125 0.06149341142020498
1 0.455078125 0.6237188872620791 0.033203125 0.06149341142020498
1 0.546875 0.5929721815519766 0.03125 0.043923865300146414
1 0.5029296875 0.6991215226939971 0.0390625 0.0629575402635432
1 0.525390625 0.7730600292825769 0.04296875 0.07613469985358712
1 0.5986328125 0.5805270863836017 0.037109375 0.05710102489019034
0 0.57373046875 0.9626647144948756 0.0478515625 0.07174231332357248
1 0.56640625 0.48316251830161056 0.02734375 0.03806734992679356
1 0.51123046875 0.4472913616398243 0.0244140625 0.03953147877013177
1 0.6142578125 0.4875549048316252 0.025390625 0.040995607613469986
1 0.72802734375 0.41215226939970717 0.0244140625 0.036603221083455345
1 0.78662109375 0.4238653001464129 0.0185546875 0.03074670571010249
1 0.90478515625 0.5 0.0244140625 0.036603221083455345
